0.746636,0.736333,1
0.775273,0.566274,1
0.376447,0.449942,1
0.527154,0.529040,1
0.759191,0.502520,1
0.588251,0.416708,1
0.429025,0.703558,1
0.495166,0.701508,1
0.631579,0.736635,1
0.518395,0.549386,1
0.773419,0.246480,1
0.492525,0.604949,1
0.693979,0.548372,1
0.470396,0.567875,1
0.401416,0.890631,1
0.412286,0.522430,1
0.478206,0.675545,1
0.618180,0.311933,1
0.668295,0.544833,1
0.433596,0.560485,1
0.595616,0.699851,1
0.597728,0.468466,1
0.719628,0.568838,1
0.427054,0.689394,1
0.681620,0.451020,1
0.716382,0.774386,1
0.634084,0.617543,1
0.550366,0.428756,1
0.664660,0.425094,1
0.501425,0.417846,1
0.582759,0.373199,1
0.816780,0.558765,1
0.306404,0.314095,1
0.381043,0.374981,1
0.475580,0.448622,1
0.752652,0.534618,1
0.623619,0.556899,1
0.571849,0.445221,1
0.569473,0.503217,1
0.533574,0.439031,1
0.270504,0.510270,1
0.478937,0.553769,1
0.693818,0.564535,1
0.623026,0.540019,1
0.551315,0.463509,1
0.628928,0.454391,1
0.574180,0.794842,1
0.391199,0.443200,1
0.509419,0.567476,1
0.551052,0.211402,1
0.504517,0.493113,1
0.632421,0.712220,1
0.570421,0.479236,1
0.511936,0.218860,1
0.455167,0.580883,1
0.619180,0.496380,1
0.461353,0.841033,1
0.512064,0.684290,1
0.592304,0.519708,1
0.539841,0.545154,1
0.585913,0.580739,1
0.623674,0.578773,1
0.538924,0.524737,1
0.578504,0.323554,1
0.624263,0.365449,1
0.618827,0.493164,1
0.376135,0.592716,1
0.546186,0.345811,1
0.497421,0.598603,1
0.659257,0.323515,1
0.672340,0.447390,1
0.606168,0.629679,1
0.551285,0.473185,1
0.534746,0.735067,1
0.524039,0.428192,1
0.553503,0.702929,1
0.454400,0.635881,1
0.517133,0.468403,1
0.525523,0.503733,1
0.598347,0.327294,1
0.623181,0.563364,1
0.439429,0.481341,1
0.665553,0.338549,1
0.611526,0.480992,1
0.634338,0.517339,1
0.781037,0.522309,1
0.540833,0.554712,1
0.579531,0.393472,1
0.522885,0.555842,1
0.806948,0.637565,1
0.488692,0.711939,1
0.784843,0.344650,1
0.566283,0.377964,1
0.684204,0.625462,1
0.545134,0.498048,1
0.411247,0.623275,1
0.411020,0.351719,1
0.565909,0.454161,1
0.630253,0.715222,1
0.697009,0.510218,1
0.556041,0.288183,1
0.481637,0.551672,1
0.448396,0.571514,1
0.728331,0.417623,1
0.550358,0.490895,1
0.470374,0.230419,1
0.640018,0.481237,1
0.633918,0.425730,1
0.602952,0.509361,1
0.545394,0.663533,1
0.699215,0.452741,1
0.530348,0.571789,1
0.342685,0.442167,1
0.630104,0.396992,1
0.543159,0.674718,1
0.383833,0.574183,1
0.568751,0.773564,1
0.650343,0.731262,1
0.573929,0.582584,1
0.627026,0.447012,1
0.375009,0.395274,1
0.709831,0.350177,1
0.548832,0.475485,1
0.655518,0.574876,1
0.533158,0.318863,1
0.475596,0.614036,1
0.619020,0.307532,1
0.494509,0.495580,1
0.532309,0.463931,1
0.622464,0.555111,1
0.678373,0.596540,1
0.534993,0.474385,1
0.625527,0.587690,1
0.669801,0.466722,1
0.667401,0.593920,1
0.511890,0.440606,1
0.610945,0.504261,1
0.505145,0.453909,1
0.503597,0.428873,1
0.713334,0.575278,1
0.581207,0.513771,1
0.497104,0.800209,1
0.694291,0.748973,1
0.566288,0.555941,1
0.670238,0.454857,1
0.552062,0.596943,1
0.746601,0.555353,1
0.524092,0.379463,1
0.457715,0.546106,1
0.775761,0.649240,1
0.647544,0.602021,1
0.598550,0.550359,1
0.334746,0.407469,1
0.602160,0.677085,1
0.480991,0.381538,1
0.543807,0.497852,1
0.503801,0.625218,1
0.740131,0.387695,1
0.690234,0.605777,1
0.681238,0.594833,1
0.494992,0.427153,1
0.533571,0.565520,1
0.422362,0.789778,1
0.712070,0.484283,1
0.644287,0.380114,1
0.624826,0.627289,1
0.599276,0.326891,1
0.591797,0.601520,1
0.703792,0.541235,1
0.442132,0.520801,1
0.457168,0.339525,1
0.610880,0.535997,1
0.569683,0.530963,1
0.720699,0.513557,1
0.555439,0.608116,1
0.716896,0.770380,1
0.649181,0.461482,1
0.614728,0.317870,1
0.485233,0.477579,1
0.582413,0.333842,1
0.427233,0.565121,1
0.659155,0.422467,1
0.549902,0.634195,1
0.718301,0.472069,1
1.000000,0.284003,1
0.358436,0.476072,1
0.780607,0.543705,1
0.668991,0.424430,1
0.833366,0.785639,1
0.515144,0.378864,1
0.691946,0.650505,1
0.761575,0.364196,1
0.615581,0.380879,1
0.462500,0.623687,1
0.395330,0.400613,1
0.633994,0.462851,1
0.421881,0.568102,1
0.337024,0.396872,1
0.428829,0.495653,1
0.644017,0.644843,1
0.631622,0.320540,1
0.470612,0.634356,1
0.662118,0.280131,1
0.416611,0.453362,1
0.572821,0.318750,1
0.520919,0.685327,1
0.641100,0.352771,1
0.459984,0.499406,1
0.392718,0.767834,1
0.397168,0.441507,1
0.560493,0.477523,1
0.515395,0.641595,1
0.720606,0.575353,1
0.418269,0.707540,1
0.380166,0.403799,1
0.501314,0.598385,1
0.671233,0.817236,1
0.286839,0.592270,1
0.578517,0.590723,1
0.667311,0.482821,1
0.727393,0.578032,1
0.561795,0.528563,1
0.447823,0.449755,1
0.784394,0.582434,1
0.677143,0.603316,1
0.650869,0.290063,1
0.664366,0.454779,1
0.641460,0.609049,1
0.508162,0.560900,1
0.752408,0.634807,1
0.602947,0.536985,1
0.764423,0.454816,1
0.594981,0.680601,1
0.522213,0.871970,1
0.543505,0.689188,1
0.621165,0.481306,1
0.298445,0.640867,1
0.568425,0.847800,1
0.397513,0.804206,1
0.336972,0.750438,1
0.609423,0.662401,1
0.716660,0.657958,1
0.615177,0.473303,1
0.723851,0.368388,1
0.695101,0.330280,1
0.604166,0.607312,1
0.292334,0.679364,1
0.360074,0.508269,1
0.673506,0.660476,1
0.753392,0.389178,1
0.512908,0.636560,1
0.602393,0.516751,1
0.456732,0.534138,1
0.570507,0.364284,1
0.537762,0.515505,1
0.227747,0.530473,1
0.615110,0.592719,1
0.735849,0.639541,1
0.429925,0.342203,1
0.671701,0.555715,1
0.462192,0.929741,1
0.446420,0.513552,1
0.722098,0.412713,1
0.610316,0.243908,1
0.596085,0.394279,1
0.572628,0.746035,1
0.591793,0.356843,1
0.393055,0.585785,1
0.613613,0.723498,1
0.583370,0.531427,1
0.389547,0.462351,1
0.780861,0.394519,1
0.566109,0.271127,1
0.538250,0.586674,1
0.792429,0.512170,1
0.595561,0.685086,1
0.468915,0.862867,1
0.806005,0.580667,1
0.473531,0.485079,1
0.557666,0.489777,1
0.721433,0.504212,1
0.783903,0.578729,1
0.629866,0.626129,1
0.633815,0.436244,1
0.481758,0.509589,1
0.530269,0.631821,1
0.579720,0.356152,1
0.757709,0.424184,1
0.733970,0.645282,1
0.596086,0.591743,1
0.584253,0.417375,1
0.498722,0.538170,1
0.454911,0.829667,1
0.655659,0.503712,1
0.505882,0.530220,1
0.537293,0.507170,1
0.588114,0.617405,1
0.368588,0.360357,1
0.826558,0.726466,1
0.806984,0.497132,1
0.589777,0.641265,1
0.663063,0.554811,1
0.338338,0.381459,1
0.363662,0.422320,1
0.492216,0.387357,1
0.731820,0.528379,1
0.275412,0.400052,1
0.506034,0.800828,1
0.703457,0.610874,1
0.544898,0.567688,1
0.489227,0.554646,1
0.487389,0.642283,1
0.516331,0.659521,1
0.352785,0.368312,1
0.670594,0.404698,1
0.538622,0.464951,1
0.475577,0.464543,1
0.676896,0.385067,1
0.576712,0.772074,1
0.644922,0.645087,1
0.674466,0.561478,1
0.485704,0.303567,1
0.427593,0.523184,1
0.418445,0.608567,1
0.625828,0.504833,1
0.468509,0.527691,1
0.374558,0.546175,1
0.763481,0.634865,1
0.559348,0.520384,1
0.636968,0.464943,1
0.594191,0.795222,1
0.563958,0.512816,1
0.468381,0.410349,1
0.437525,0.723995,1
0.430511,0.586851,1
0.380650,0.254621,1
0.736033,0.439500,1
0.375832,0.587042,1
0.581305,0.607442,1
0.803866,0.189041,1
0.621089,0.559195,1
0.591563,0.491165,1
0.630672,0.644274,1
0.619988,0.553914,1
0.650075,0.546242,1
0.697660,0.625898,1
0.548368,0.535432,1
0.787917,0.443838,1
0.585537,0.464415,1
0.324927,0.443089,1
0.680006,0.250724,1
0.395286,0.408062,1
0.727867,0.540325,1
0.635463,0.647887,1
0.452130,0.568021,1
0.501996,0.522896,1
0.616237,0.557607,1
0.346627,0.447370,1
0.530912,0.499186,1
0.471589,0.897446,1
0.469235,0.457298,1
0.625562,0.473829,1
0.554568,0.450479,1
0.529730,0.630213,1
0.496110,0.495218,1
0.455944,0.556355,1
0.625297,0.717366,1
0.598323,0.473686,1
0.437190,0.687860,1
0.616944,0.544487,1
0.341990,0.389651,1
0.566340,0.658955,1
0.514499,0.383303,1
0.610011,0.483440,1
0.525549,0.417251,1
0.648903,0.572015,1
0.497305,0.437191,1
0.494517,0.362344,1
0.349661,0.487894,1
0.725414,0.410261,1
0.573174,0.590371,1
0.531285,0.291436,1
0.293562,0.384355,1
0.567052,0.505644,1
0.576699,0.292728,1
0.509443,0.508824,1
0.588954,0.504901,1
0.626125,0.605423,1
0.774452,0.845501,1
0.577568,0.605887,1
0.582592,0.358943,1
0.437221,0.523547,1
0.333329,0.294129,1
0.743783,0.738311,1
0.774771,0.856719,1
0.576267,0.376900,1
0.666389,0.489331,1
0.718494,0.661851,1
0.545068,0.561885,1
0.607199,0.424840,1
0.693159,0.820045,1
0.680234,0.447657,1
0.382638,0.631284,1
0.428979,0.339722,1
0.580666,0.415129,1
0.669839,0.433512,1
0.633024,0.662227,1
0.532299,0.739099,1
0.557550,0.618846,1
0.726789,0.527406,1
0.633225,0.508546,1
0.567824,0.393256,1
0.614372,0.535419,1
0.491304,0.508864,1
0.417552,0.424275,1
0.289020,0.298035,1
0.496698,0.545939,1
0.467916,0.482374,1
0.515419,0.573297,1
0.650411,0.430184,1
0.700829,0.562027,1
0.526442,0.512521,1
0.364233,0.550828,1
0.556916,0.660646,1
0.665607,0.501656,1
0.506899,0.617188,1
0.610812,0.584316,1
0.600322,0.531439,1
0.538247,0.309152,1
0.437047,0.507605,1
0.466305,0.451523,1
0.813833,0.653649,1
0.642627,0.575153,1
0.515864,0.262685,1
0.615062,0.424894,1
0.826726,0.254227,1
0.586155,0.794545,1
0.583445,0.552865,1
0.566451,0.283283,1
0.562823,0.557903,1
0.710042,0.695614,1
0.551926,0.629690,1
0.466116,0.361673,1
0.613759,0.456800,1
0.423665,0.408830,1
0.824884,0.601366,1
0.716892,0.338165,1
0.299177,0.348366,1
0.541158,0.592938,1
0.627925,0.551298,1
0.565093,0.729573,1
0.478727,0.695436,1
0.662433,0.564934,1
0.407730,0.564782,1
0.586801,0.331078,1
0.467871,0.503248,1
0.456102,0.371218,1
0.715647,0.528202,1
0.562577,0.525533,1
0.584773,0.475698,1
0.753540,0.491568,1
0.668956,0.378544,1
0.552257,0.344842,1
0.787243,0.551309,1
0.356729,0.523925,1
0.789888,0.910973,1
0.619674,0.516635,1
0.532559,0.350323,1
0.448728,0.443259,1
0.701634,0.544310,1
0.404303,0.463407,1
0.618600,0.370854,1
0.611168,0.320104,1
0.566271,0.540597,1
0.602778,0.519581,1
0.499584,0.407134,1
0.687231,0.394175,1
0.779462,0.422537,1
0.381277,0.371260,1
0.357072,0.272852,1
0.828020,0.445655,1
0.797369,0.381066,1
0.455250,0.525131,1
0.665017,0.581910,1
0.328817,0.612459,1
0.535403,0.254733,1
0.502445,0.561287,1
0.791974,0.610992,1
0.607114,0.536213,1
0.558069,0.393493,1
0.629955,0.678935,1
0.467199,0.551441,1
0.626884,0.658503,1
0.314174,0.336142,1
0.358719,0.719351,1
0.440371,0.602429,1
0.648003,0.663132,1
0.420321,0.792723,1
0.275916,0.664253,1
0.576029,0.522477,1
0.516226,0.359744,1
0.619862,0.579784,1
0.770266,0.547655,1
0.671068,0.535456,1
0.436961,0.626959,1
0.325640,0.703720,1
0.517006,0.481757,1
0.572354,0.372744,1
0.591410,0.747500,1
0.529985,0.338292,1
0.790012,0.547926,1
0.590855,0.564249,1
0.552567,0.425005,1
0.725222,0.663811,1
0.537960,0.569227,1
0.661008,0.322225,1
0.508380,0.409725,1
0.577912,0.509686,1
0.758524,0.523114,1
0.432854,0.327704,1
0.551800,0.484237,1
0.472817,0.517697,1
0.474495,0.502655,1
0.282931,0.273948,1
0.471846,0.515974,1
0.697267,0.455019,1
0.677977,0.748539,1
0.569871,0.298972,1
0.439246,0.277514,1
0.511920,0.652451,1
0.706749,0.625505,1
0.519812,0.538289,1
0.607251,0.393956,1
0.742197,0.521984,1
0.563516,0.466567,1
0.440427,0.644315,1
0.589003,0.663941,1
0.652075,0.742091,1
0.382266,0.929353,1
0.506577,0.614871,1
0.807845,0.743319,1
0.677949,0.669538,1
0.568032,0.555760,1
0.584109,0.426289,1
0.399042,0.548979,1
0.484356,0.568381,1
0.497954,0.592870,1
0.452967,0.257257,1
0.707012,0.403992,1
0.625229,0.521472,1
0.603604,0.450419,1
0.514211,0.457110,1
0.524695,0.662080,1
0.500343,0.437113,1
0.294288,0.461537,1
0.547392,0.559287,1
0.693623,0.859024,1
0.667961,0.614060,1
0.574975,0.474681,1
0.556571,0.325576,1
0.565081,0.550277,1
0.646137,0.670254,1
0.434795,0.411901,1
0.503007,0.447065,1
0.425543,0.485474,1
0.556577,0.408852,1
0.496969,0.793265,1
0.613266,0.854986,1
0.879228,0.589651,1
0.519856,0.446853,1
0.701484,0.437579,1
0.597455,0.782817,1
0.585128,0.614893,1
0.699980,0.478477,1
0.602317,0.398744,1
0.583631,0.487915,1
0.428386,0.388792,1
0.639620,0.508617,1
0.385144,0.620722,1
0.396806,0.603267,1
0.494259,0.483698,1
0.759289,0.798972,1
0.645475,0.447036,1
0.667532,0.517624,1
0.720659,0.450128,1
0.475906,0.419627,1
0.630298,0.625775,1
0.632506,0.560626,1
0.690654,0.730035,1
0.641498,0.407919,1
0.495791,0.549390,1
0.995578,0.540598,1
0.720077,0.696499,1
0.715486,0.708923,1
0.677058,0.415215,1
0.494656,0.516308,1
0.659125,0.711048,1
0.699299,0.604818,1
0.578050,0.596109,1
0.571644,0.630022,1
0.568348,0.615901,1
0.677208,0.381021,1
0.613470,0.410522,1
0.326994,0.577028,1
0.503480,0.412765,1
0.618355,0.427165,1
0.598280,0.766570,1
0.688651,0.654483,1
0.626403,0.610052,1
0.562238,0.420924,1
0.593245,0.734054,1
0.550458,0.554681,1
0.431711,0.543167,1
0.653181,0.457138,1
0.671944,0.753137,1
0.447237,0.352545,1
0.461196,0.503023,1
0.577877,0.419613,1
0.640059,0.685237,1
0.763127,0.611219,1
0.457569,0.527014,1
0.570594,0.439944,1
0.561172,0.407795,1
0.615599,0.604448,1
0.828711,0.573782,1
0.467526,0.479230,1
0.682668,0.529657,1
0.668855,0.430543,1
0.495086,0.672985,1
0.568997,0.543973,1
0.529396,0.653691,1
0.580661,0.682491,1
0.599262,0.555862,1
0.570837,0.722178,1
0.469372,0.537233,1
0.653381,0.560160,1
0.584969,0.272612,1
0.892856,0.508123,1
0.488214,0.549126,1
0.555894,0.591988,1
0.322196,0.417731,1
0.465673,0.616024,1
0.507731,0.606178,1
0.436871,0.746368,1
0.744990,0.690828,1
0.542764,0.477888,1
0.433852,0.203539,1
0.532433,0.481036,1
0.396314,0.485445,1
0.464139,0.479009,1
0.397376,0.729266,1
0.787546,0.571326,1
0.510068,0.521753,1
0.564453,0.647659,1
0.763028,0.447356,1
0.536216,0.551527,1
0.553794,0.406547,1
0.441782,0.694309,1
0.618527,0.512544,1
0.472365,0.723543,1
0.781476,0.308744,1
0.587536,0.367570,1
0.597801,0.661278,1
0.659884,0.448415,1
0.545900,0.367458,1
0.605007,0.203594,1
0.727585,0.438193,1
0.431815,0.577576,1
0.410105,0.522902,1
0.644229,0.458822,1
0.695527,0.529878,1
0.655930,0.360572,1
0.459792,0.571846,1
0.570085,0.346034,1
0.513463,0.841996,1
0.459891,0.599714,1
0.680073,0.570604,1
0.639069,0.508416,1
0.713361,0.510626,1
0.709536,0.640329,1
0.580352,0.455116,1
0.608951,0.522095,1
0.717923,0.509351,1
0.532383,0.536494,1
0.506622,0.511103,1
0.258874,0.705051,1
0.389613,0.382838,1
0.664814,0.632882,1
0.612663,0.292279,1
0.593454,0.558905,1
0.483777,0.645182,1
0.565943,0.610989,1
0.809410,0.495213,1
0.434642,0.502061,1
0.543173,0.460110,1
0.536716,0.664467,1
0.585287,0.661634,1
0.594629,0.624268,1
0.609422,0.710535,1
0.491650,0.458332,1
0.476207,0.393081,1
0.726428,0.480321,1
0.358406,0.833970,1
0.790167,0.325429,1
0.430543,0.571025,1
0.433233,0.476869,1
0.651015,0.465119,1
0.636609,0.330698,1
0.541059,0.656648,1
0.644620,0.420886,1
0.686968,0.788825,1
0.559136,0.590082,1
0.533378,0.511206,1
0.835407,0.519403,1
0.330073,0.629114,1
0.728986,0.309803,1
0.513701,0.736250,1
0.509457,0.560099,1
0.630211,0.476949,1
0.475377,0.496790,1
0.780950,0.494859,1
0.690427,0.286977,1
0.745317,0.624981,1
0.721530,0.439662,1
0.515242,0.415516,1
0.584679,0.490255,1
0.456001,0.587902,1
0.824674,0.537336,1
0.816959,0.629759,1
0.426596,0.574769,1
0.394397,0.778568,1
0.387940,0.376500,1
0.569783,0.568275,1
0.553246,0.296729,1
0.443699,0.621178,1
0.591381,0.290780,1
0.663776,0.412582,1
0.540231,0.704182,1
0.655858,0.661904,1
0.676966,0.406595,1
0.343926,0.530810,1
0.397014,0.693414,1
0.671282,0.616746,1
0.557438,0.664951,1
0.439283,0.238441,1
0.382836,0.458663,1
0.610987,0.662657,1
0.559803,0.779608,1
0.596675,0.519567,1
0.541455,0.385612,1
0.267392,0.618615,1
0.406635,0.233747,1
0.578904,0.691816,1
0.522221,0.432105,1
0.590083,0.613514,1
0.653719,0.529880,1
0.571694,0.572499,1
0.336681,0.415247,1
0.564653,0.709717,1
0.729459,0.517636,1
0.533298,0.775582,1
0.557898,0.552971,1
0.502343,0.489224,1
0.415720,0.567382,1
0.428617,0.457763,1
0.553841,0.653683,1
0.521213,0.386827,1
0.796114,0.445346,1
0.825863,0.405985,1
0.883062,0.367663,1
0.772940,0.539942,1
0.542550,0.526837,1
0.478625,0.444628,1
0.537486,0.330988,1
0.768660,0.376312,1
0.290790,0.386584,1
0.494918,0.579866,1
0.520336,0.437514,1
0.557097,0.422796,1
0.877333,0.634253,1
0.666738,0.207597,1
0.517786,0.560942,1
0.551755,0.528445,1
0.617780,0.677949,1
0.679681,0.397044,1
0.471750,0.493307,1
0.597356,0.501123,1
0.506469,0.593563,1
0.683822,0.608691,1
0.625910,0.592539,1
0.596114,0.342969,1
0.706797,0.573924,1
0.544205,0.566990,1
0.599472,0.769922,1
0.619711,0.170614,1
0.643199,0.533789,1
0.459609,0.602329,1
0.666655,0.468323,1
0.280684,0.479376,1
0.287553,0.465201,1
0.682588,0.321819,1
0.500593,0.439719,1
0.648447,0.349261,1
0.832390,0.635333,1
0.691911,0.684490,1
0.638710,0.488224,1
0.525781,0.406774,1
0.413375,0.522415,1
0.501710,0.670334,1
0.660245,0.628195,1
0.562479,0.476082,1
0.417930,0.520487,1
0.627006,0.647109,1
0.687541,0.473038,1
0.443012,0.572893,1
0.451644,0.553707,1
0.558259,0.540523,1
0.677298,0.575896,1
0.460265,0.684883,1
0.622563,0.677565,1
0.583590,0.607929,1
0.572866,0.567852,1
0.499862,0.623921,1
0.516055,0.356699,1
0.636769,0.581780,1
0.458424,0.122487,1
0.734749,0.591136,1
0.504522,0.568460,1
0.619080,0.556608,1
0.756259,0.472556,1
0.610488,0.614565,1
0.482309,0.496349,1
0.702098,0.708078,1
0.684927,0.556938,1
0.855287,0.645792,1
0.506387,0.569697,1
0.433180,0.671293,1
0.423496,0.398991,1
0.672540,0.466281,1
0.824829,0.584768,1
0.431836,0.460658,1
0.646862,0.404632,1
0.474988,0.627754,1
0.719477,0.615809,1
0.644098,0.538807,1
0.645979,0.430645,1
0.402867,0.305065,1
0.432678,0.696298,1
0.544603,0.457640,1
0.800469,0.163834,1
0.533373,0.278387,1
0.602925,0.504541,1
0.449298,0.439922,1
0.618619,0.379492,1
0.665736,0.521492,1
0.586904,0.588672,1
0.327196,0.546814,1
0.679778,0.611810,1
0.368000,0.548395,1
0.605751,0.515597,1
0.606707,0.597049,1
0.822256,0.508257,1
0.492689,0.338968,1
0.641036,0.521178,1
0.637501,0.720804,1
0.663626,0.464147,1
0.418659,0.698901,1
0.711384,0.584172,1
0.708606,0.594682,1
0.719532,0.631664,1
0.395626,0.403179,1
0.667007,0.557213,1
0.677037,0.299057,1
0.421428,0.490265,1
0.836624,0.646883,1
0.559366,0.521354,1
0.505938,0.386940,1
0.518626,0.539804,1
0.421185,0.627359,1
0.440439,0.676843,1
0.583406,0.462172,1
0.555130,0.615661,1
0.831259,0.550978,1
0.632446,0.538001,1
0.589067,0.704444,1
0.517389,0.377265,1
0.610926,0.328315,1
0.386887,0.679659,1
0.429783,0.577288,1
0.475023,0.579417,1
0.646347,0.444058,1
0.782476,0.304338,1
0.527270,0.705074,1
0.553334,0.457471,1
0.618427,0.324724,1
0.566547,0.372465,1
0.668641,0.391577,1
0.640697,0.654499,1
0.437037,0.646639,1
0.584631,0.457742,1
0.455220,0.579189,1
0.565329,0.718884,1
0.461543,0.507157,1
0.453342,0.585462,1
0.345725,0.519376,1
0.547896,0.520088,1
0.588678,0.554772,1
0.648402,0.585961,1
0.556892,0.510483,1
0.549933,0.686679,1
0.575949,0.412717,1
0.699528,0.718085,1
0.762398,0.778954,1
0.354121,0.398016,1
0.593736,0.651317,1
0.698306,0.620591,1
0.663528,0.447594,1
0.496658,0.654637,1
0.555872,0.730547,1
0.606440,0.567944,1
0.584958,0.545918,1
0.631240,0.611328,1
0.663161,0.542557,1
0.607113,0.677107,1
0.681816,0.563073,1
0.691714,0.483731,1
0.540172,0.563458,1
0.806360,0.432046,1
0.454562,0.470945,1
0.477232,0.403264,1
0.551349,0.610107,1
0.577729,0.923040,1
0.616448,0.636768,1
0.600611,0.604561,1
0.590338,0.408516,1
0.238601,0.531239,1
0.615994,0.385754,1
0.676828,0.746111,1
0.740994,0.686566,1
0.485281,0.655780,1
0.553201,0.156908,1
0.506683,0.667883,1
0.470703,0.499639,1
0.577755,0.517024,1
0.496814,0.789501,1
0.484008,0.582175,1
0.536178,0.554432,1
0.629665,0.537009,1
0.577721,0.445151,1
0.452424,0.569417,1
0.649650,0.469820,1
0.568025,0.691035,1
0.644390,0.711385,1
0.465763,0.607523,1
0.667417,0.763957,1
0.417968,0.863888,1
0.527819,0.376178,1
0.609206,0.608707,1
0.730750,0.451310,1
0.744004,0.469838,1
0.353501,0.530225,1
0.831024,0.668795,1
0.748304,0.241468,1
0.618592,0.586038,1
0.530266,0.660302,1
0.724442,0.549874,1
0.580722,0.432033,1
0.443195,0.540171,1
0.601066,0.490375,1
0.799402,0.400569,1
0.837788,0.333986,1
0.344131,0.398168,1
0.621593,0.482067,1
0.697001,0.277518,1
0.585651,0.646396,1
0.650622,0.644294,1
0.541850,0.343893,1
0.478198,0.624967,1
0.729058,0.575421,1
0.756404,0.704242,1
0.528100,0.517357,1
0.590752,0.552799,1
0.581854,0.505864,1
0.427880,0.472396,1
0.340490,0.404091,1
0.606935,0.592005,1
0.630029,0.661399,1
0.664053,0.509191,1
0.888738,0.286999,1
0.499714,0.347697,1
0.488910,0.594289,1
0.758432,0.712937,1
0.664772,0.533033,1
0.273279,0.500410,1
0.332218,0.563999,1
0.558561,0.478534,1
0.617433,0.540347,1
0.519993,0.585314,1
0.544560,0.581866,1
0.779949,0.528783,1
0.580782,0.652278,1
0.597242,0.379034,1
0.488001,0.410710,1
0.607861,0.593756,1
0.571117,0.301244,1
0.520258,0.422206,1
0.477967,0.564846,1
0.592634,0.432715,1
0.679679,0.664790,1
0.601772,0.577376,1
0.479672,0.475798,1
0.512340,0.412332,1
0.609753,0.718215,1
0.652972,0.303258,1
0.595533,0.644681,1
0.587311,0.507755,1
0.677255,0.280223,1
0.783320,0.531326,1
0.513062,0.835554,1
0.853771,0.313556,1
0.405417,0.381209,1
0.518315,0.397189,1
0.470615,0.682250,1
0.444391,0.470456,1
0.555855,0.605320,1
0.359556,0.626983,1
0.644774,0.558779,1
0.595365,0.519830,1
0.537735,0.394801,1
0.312079,0.621673,1
0.650826,0.579809,1
0.559394,0.434453,1
0.461433,0.650159,1
0.679510,0.609689,1
0.683726,0.760987,1
0.520517,0.375006,1
0.474219,0.508276,1
0.490432,0.657940,1
0.354933,0.678481,1
0.707353,0.562373,1
0.493878,0.365365,1
0.743107,0.505230,1
0.517197,0.267310,1
0.559020,0.298096,1
0.369642,0.546334,1
0.439684,0.376047,1
0.606714,0.536827,1
0.719985,0.698094,1
0.454137,0.461269,1
0.572510,0.627950,1
0.264700,0.539238,1
0.449482,0.658516,1
0.451564,0.513646,1
0.637827,0.513398,1
0.362528,0.646884,1
0.644501,0.454640,1
0.486815,0.584453,1
0.458848,0.481552,1
0.528750,0.570358,1
0.501441,0.498550,1
0.507381,0.217634,1
0.522108,0.433353,1
0.302581,0.578634,1
0.666437,0.544122,1
0.671283,0.752414,1
0.680656,0.513791,1
0.651531,0.586229,1
0.474484,0.299067,1
0.667111,0.536421,1
0.674352,0.442787,1
0.671965,0.700748,1
0.384630,0.406540,1
0.504442,0.350724,1
0.573365,0.348996,1
0.220785,0.470020,1
0.697880,0.521205,1
0.529843,0.359842,1
0.396643,0.242869,1
0.543167,0.586819,1
0.676838,0.714865,1
0.470041,0.583658,1
0.551207,0.369701,1
0.645014,0.586326,1
0.579442,0.421688,1
0.596773,0.330850,1
0.456809,0.400196,1
0.583642,0.437955,1
0.593579,0.642602,1
0.591196,0.408214,1
0.674382,0.567051,1
0.657219,0.580746,1
0.431192,0.645023,1
0.633605,0.500942,1
0.487721,0.761349,1
0.726732,0.689004,1
0.513895,0.672507,1
0.703166,0.532559,1
0.507704,0.499026,1
0.463385,0.511703,1
0.494233,0.471406,1
0.611681,0.284820,1
0.484020,0.595357,1
0.272738,0.439462,1
0.549553,0.632306,1
0.457993,0.650044,1
0.643097,0.298890,1
0.522961,0.624484,1
0.724426,0.403185,1
0.596120,0.495251,1
0.474196,0.604045,1
0.657473,0.484835,1
0.643863,0.594789,1
0.493708,0.684714,1
0.550854,0.387242,1
0.429896,0.367928,1
0.648147,0.492064,1
0.343288,0.564117,1
0.653867,0.602111,1
0.672487,0.487873,1
0.541262,0.385983,1
0.345987,0.506032,1
0.820574,0.403720,1
0.397384,0.627659,1
0.585211,0.572986,1
0.821129,0.681542,1
0.289638,0.595407,1
0.543876,0.512447,1
0.671796,0.500243,1
0.555162,0.463710,1
0.622835,0.638478,1
0.492420,0.578212,1
0.654552,0.409762,1
0.691772,0.371983,1
0.415624,0.552986,1
0.509296,0.594616,1
0.529231,0.402261,1
0.507760,0.563782,1
0.364423,0.519978,1
0.810846,0.417371,1
0.486757,0.587038,1
0.448821,0.671995,1
0.727099,0.648953,1
0.714239,0.286340,1
0.640316,0.521027,1
0.516051,0.477855,1
0.413170,0.537781,1
0.683820,0.350517,1
0.374723,0.509985,1
0.669950,0.885340,1
0.491446,0.435588,1
0.533978,0.553713,1
0.829153,0.367176,1
0.624831,0.539006,1
0.635414,0.499278,1
0.564164,0.533845,1
0.692582,0.665841,1
0.620581,0.591542,1
0.651805,0.622379,1
0.756431,0.328435,1
0.420341,0.465998,1
0.865460,0.573369,1
0.592101,0.571089,1
0.593632,0.372749,1
0.509666,0.685308,1
0.396513,0.567116,1
0.683752,0.570972,1
0.396315,0.753198,1
0.733017,0.491600,1
0.443579,0.399813,1
0.486305,0.505136,1
0.551869,0.608225,1
0.554551,0.529910,1
0.440233,0.669909,1
0.640323,0.409657,1
0.325903,0.420973,1
0.442130,0.454629,1
0.653946,0.491642,1
0.625358,0.636973,1
0.702026,0.521996,1
0.605072,0.347119,1
0.704507,0.730648,1
0.630151,0.628743,1
0.484447,0.429741,1
0.527828,0.701875,1
0.762123,0.319233,1
0.792175,0.598395,1
0.397386,0.680524,1
0.430549,0.415626,1
0.473681,0.502662,1
0.495239,0.411367,1
0.405206,0.321931,1
0.570819,0.597212,1
0.544404,0.422536,1
0.543754,0.539449,1
0.680027,0.813503,1
0.561882,0.596398,1
0.526358,0.197550,1
0.845428,0.502088,1
0.445688,0.326707,1
0.301331,0.637567,1
0.455160,0.588955,1
0.773726,0.577951,1
0.441379,0.284455,1
0.492172,0.519831,1
0.523461,0.274589,1
0.840477,0.694339,1
0.615801,0.647324,1
0.605032,0.576432,1
0.629616,0.537002,1
0.537425,0.695676,1
0.812126,0.282065,1
0.507926,0.663627,1
0.750417,0.518621,1
0.399356,0.614077,1
0.533266,0.715016,1
0.585159,0.449903,1
0.562289,0.771292,1
0.587842,0.586843,1
0.584804,0.521779,1
0.400951,0.624408,1
0.596777,0.415505,1
0.535527,0.462746,1
0.524990,0.686834,1
0.366978,0.498819,1
0.518554,0.466892,1
0.584201,0.507736,1
0.400418,0.572448,1
0.553974,0.622917,1
0.707116,0.273356,1
0.636288,0.356711,1
0.638831,0.530817,1
0.371504,0.467948,1
0.531680,0.570285,1
0.750228,0.557589,1
0.474170,0.424536,1
0.563521,0.499785,1
0.451442,0.326532,1
0.630054,0.531520,1
0.655062,0.566315,1
0.757418,0.365842,1
0.597122,0.648435,1
0.501172,0.658372,1
0.676687,0.188277,1
0.633165,0.455416,1
0.524346,0.804562,1
0.570387,0.464584,1
0.401275,0.553940,1
0.489921,0.353934,1
0.444395,0.505360,1
0.597650,0.488227,1
0.657309,0.422302,1
0.500719,0.450074,1
0.636061,0.533798,1
0.731826,0.464671,1
0.587971,0.697141,1
0.617966,0.390205,1
0.657188,0.857793,1
0.556197,0.642532,1
0.602031,0.441382,1
0.695606,0.616516,1
0.736738,0.377208,1
0.558092,0.562755,1
0.410956,0.748280,1
0.588337,0.336347,1
0.542752,0.296771,1
0.764349,0.588816,1
0.698512,0.562299,1
0.650485,0.518687,1
0.844349,0.429592,1
0.463384,0.570868,1
0.365806,0.533087,1
0.470155,0.703800,1
0.703352,0.509414,1
0.798012,0.579767,1
0.733007,0.535178,1
0.525334,0.464979,1
0.591895,0.719297,1
0.428682,0.695296,1
0.631241,0.420933,1
0.632822,0.565615,1
0.522784,0.560500,1
0.574559,0.451779,1
0.541142,0.306657,1
0.658780,0.430407,1
0.597067,0.473839,1
0.494359,0.628439,1
0.496450,0.771119,1
0.541164,0.658615,1
0.615229,0.693424,1
0.771039,0.503001,1
0.670430,0.406311,1
0.680414,0.674938,1
0.678299,0.375544,1
0.431977,0.615978,1
0.504969,0.359936,1
0.719603,0.613944,1
0.358660,0.573387,1
0.643944,0.619519,1
0.636231,0.724171,1
0.761442,0.574783,1
0.455983,0.532789,1
0.668109,0.604421,1
0.565103,0.233320,1
0.513817,0.610030,1
0.750126,0.521089,1
0.640265,0.546653,1
0.464824,0.575447,1
0.555192,0.510135,1
0.508166,0.798981,1
0.539694,0.545404,1
0.571292,0.765375,1
0.466081,0.496244,1
0.627841,0.513156,1
0.345266,0.696145,1
0.700736,0.359455,1
0.702303,0.808263,1
0.257832,0.752010,1
0.385629,0.477335,1
0.611225,0.307386,1
0.574502,0.474185,1
0.599148,0.733798,1
0.479138,0.608514,1
0.539156,0.715918,1
0.436948,0.376318,1
0.611979,0.404749,1
0.400436,0.441522,1
0.578544,0.604756,1
0.517794,0.481313,1
0.416278,0.479759,1
0.406697,0.443512,1
0.526212,0.569116,1
0.633773,0.597607,1
0.507718,0.384495,1
0.550684,0.465868,1
0.623167,0.572676,1
0.582013,0.409413,1
0.568219,0.444882,1
0.450029,0.773143,1
0.345009,0.231824,1
0.584073,0.659926,1
0.661153,0.677710,1
0.603782,0.469164,1
0.561028,0.245987,1
0.759400,0.830338,1
0.495335,0.514257,1
0.477540,0.637567,1
0.393752,0.561797,1
0.461749,0.629095,1
0.502315,0.652604,1
0.675433,0.560446,1
0.512705,0.591530,1
0.664565,0.369145,1
0.694181,0.670396,1
0.512255,0.606757,1
0.445897,0.479801,1
0.372223,0.413131,1
0.698110,0.267146,1
0.549168,0.538407,1
0.499045,0.716025,1
0.453134,0.607738,1
0.454266,0.670007,1
0.648087,0.837058,1
0.561776,0.519071,1
0.676069,0.628578,1
0.604951,0.732682,1
0.600901,0.310158,1
0.489421,0.363084,1
0.615816,0.418264,1
0.827895,0.529306,1
0.464068,0.364201,1
0.754724,0.370538,1
0.623541,0.368389,1
0.638296,0.442056,1
0.683157,0.497697,1
0.525863,0.596639,1
0.463359,0.661335,1
0.615000,0.407320,1
0.502292,0.345043,1
0.833051,0.580835,1
0.645212,0.525174,1
0.533066,0.513803,1
0.430720,0.491625,1
0.760382,0.476530,1
0.644052,0.452492,1
0.649093,0.533324,1
0.616136,0.333955,1
0.499788,0.408171,1
0.576419,0.582630,1
0.534868,0.349828,1
0.626037,0.648590,1
0.422635,0.655699,1
0.426540,0.243316,1
0.392455,0.501921,1
0.449640,0.692109,1
0.438893,0.618559,1
0.646346,0.674993,1
0.613665,0.544422,1
0.580201,0.429491,1
0.706740,0.514077,1
0.492442,0.458676,1
0.577842,0.556263,1
0.302875,0.461386,1
0.288436,0.545680,1
0.573039,0.759746,1
0.481215,0.404189,1
0.432801,1.000000,1
0.500032,0.792970,1
0.543215,0.411181,1
0.437679,0.436851,1
0.451410,0.333542,1
0.286089,0.681088,1
0.738343,0.629094,1
0.563776,0.446802,1
0.608137,0.772104,1
0.457489,0.486264,1
0.492463,0.644778,1
0.592404,0.509675,1
0.581147,0.445109,1
0.745590,0.625136,1
0.553731,0.563736,1
0.559028,0.400536,1
0.686667,0.738045,1
0.739388,0.580308,1
0.697036,0.721502,1
0.596793,0.596462,1
0.552585,0.443385,1
0.587467,0.591698,1
0.691731,0.910513,1
0.455904,0.315691,1
0.531619,0.565141,1
0.612038,0.448666,1
0.779121,0.548542,1
0.563752,0.423446,1
0.439834,0.504603,1
0.494509,0.555810,1
0.599652,0.634785,1
0.438772,0.504956,1
0.670698,0.473835,1
0.565483,0.458791,1
0.635372,0.392223,1
0.668252,0.492717,1
0.564191,0.743296,1
0.294158,0.674628,1
0.608295,0.654243,1
0.542300,0.296401,1
0.432613,0.647665,1
0.391828,0.558597,1
0.588827,0.569411,1
0.575925,0.467934,1
0.555961,0.620397,1
0.478974,0.448023,1
0.605993,0.540337,1
0.721555,0.619501,1
0.539789,0.458210,1
0.805415,0.571590,1
0.730385,0.573464,1
0.831056,0.360637,1
0.296425,0.469900,1
0.522525,0.316776,1
0.693372,0.453812,1
0.865878,0.600078,1
0.406574,0.389816,1
0.312200,0.602533,1
0.606489,0.631027,1
0.502768,0.435515,1
0.440934,0.569075,1
0.668282,0.389195,1
0.847991,0.910241,1
0.400748,0.829329,1
0.336174,0.464545,1
0.436896,0.543461,1
0.630609,0.489767,1
0.568300,0.286508,1
0.595503,0.546204,1
0.688410,0.611911,1
0.422582,0.437775,1
0.410222,0.310642,1
0.501548,0.468160,1
0.603048,0.327648,1
0.466175,0.615908,1
0.482929,0.433211,1
0.730306,0.732180,1
0.739745,0.532094,1
0.577094,0.512327,1
0.569708,0.592759,1
0.465415,0.645963,1
0.660450,0.627465,1
0.543368,0.746352,1
0.807536,0.605533,1
0.661476,0.430102,1
0.619705,0.588124,1
0.540108,0.606025,1
0.336124,0.543243,1
0.505441,0.677851,1
0.647766,0.585075,1
0.252318,0.368022,1
0.493292,0.581276,1
0.550645,0.337329,1
0.793128,0.550476,1
0.435588,0.577834,1
0.695533,0.375798,1
0.644356,0.455118,1
0.698539,0.525268,1
0.776248,0.573319,1
0.673910,0.530112,1
0.747511,0.640540,1
0.520129,0.433878,1
0.676628,0.913359,1
0.526742,0.592331,1
0.871545,0.438675,1
0.389414,0.656138,1
0.658847,0.582666,1
0.559146,0.635486,1
0.679497,0.450525,1
0.555482,0.660693,1
0.334660,0.606825,1
0.542392,0.599080,1
0.285784,0.386935,1
0.424325,0.367150,1
0.343871,0.508872,1
0.636675,0.594209,1
0.556673,0.265599,1
0.682545,0.400916,1
0.365688,0.624642,1
0.815159,0.503675,1
0.592774,0.329605,1
0.644588,0.524166,1
0.435667,0.482875,1
0.419691,0.702709,1
0.613836,0.530973,1
0.724805,0.466281,1
0.670221,0.441456,1
0.658819,0.489738,1
0.387450,0.576079,1
0.526460,0.459441,1
0.595788,0.594540,1
0.534185,0.736607,1
0.452007,0.410176,1
0.695924,0.530680,1
0.464802,0.576218,1
0.318132,0.580350,1
0.423565,0.408052,1
0.723376,0.578192,1
0.440448,0.541496,1
0.598109,0.354709,1
0.526064,0.691542,1
0.852615,0.431134,1
0.625852,0.466920,1
0.441695,0.613815,1
0.472461,0.496441,1
0.632464,0.550729,1
0.551864,0.287949,1
0.779807,0.398167,1
0.575803,0.709089,1
0.433654,0.623759,1
0.707628,0.392435,1
0.541029,0.455347,1
0.638058,0.699275,1
0.611167,0.388585,1
0.403134,0.651403,1
0.682527,0.435123,1
0.724046,0.670213,1
0.628357,0.584308,1
0.683117,0.641646,1
0.555411,0.647558,1
0.591159,0.472719,1
0.542135,0.561178,1
0.578233,0.404748,1
0.643089,0.397582,1
0.593420,0.455590,1
0.489345,0.422226,1
0.370822,0.617675,1
0.572242,0.266130,1
0.691035,0.495720,1
0.270955,0.445260,1
0.487146,0.607279,1
0.711912,0.477598,1
0.809667,0.624345,1
0.694976,0.623005,1
0.475183,0.460239,1
0.667475,0.620383,1
0.463027,0.481706,1
0.729389,0.370515,1
0.460221,0.651187,1
0.497385,0.571132,1
0.809062,0.501178,1
0.656566,0.330973,1
0.646208,0.356293,1
0.605800,0.772864,1
0.531513,0.509677,1
0.510707,0.380806,1
0.607138,0.343025,1
0.411034,0.419727,1
0.332201,0.417420,1
0.575959,0.822384,1
0.530148,0.603731,1
0.692586,0.432256,1
0.674144,0.579488,1
0.623869,0.230656,1
0.585218,0.484711,1
0.511592,0.318479,1
0.573986,0.667350,1
0.555974,0.465606,1
0.504765,0.213210,1
0.606714,0.382413,1
0.589684,0.535656,1
0.751255,0.598637,1
0.829466,0.371472,1
0.672920,0.535969,1
0.484408,0.687925,1
0.748858,0.480998,1
0.512109,0.286490,1
0.574991,0.349655,1
0.386804,0.551754,1
0.559882,0.457728,1
0.460271,0.590857,1
0.770512,0.593596,1
0.493204,0.393379,1
0.519999,0.364045,1
0.870579,0.434207,1
0.332355,0.379542,1
0.774772,0.554887,1
0.454783,0.538762,1
0.556378,0.559265,1
0.565766,0.306481,1
0.366923,0.555118,1
0.513960,0.538146,1
0.585239,0.623362,1
0.368628,0.611933,1
0.741837,0.611612,1
0.753782,0.308113,1
0.526106,0.334072,1
0.468065,0.488334,1
0.460813,0.297984,1
0.520017,0.660394,1
0.629502,0.361465,1
0.541970,0.624040,1
0.624837,0.539247,1
0.494861,0.557229,1
0.550362,0.480259,1
0.608643,0.322310,1
0.519939,0.536063,1
0.475831,0.665325,1
0.567048,0.684221,1
0.597007,0.467950,1
0.662681,0.692764,1
0.515401,0.592397,1
0.305982,0.454024,1
0.613437,0.560760,1
0.594233,0.768234,1
0.482368,0.589870,1
0.415943,0.538448,1
0.669925,0.533298,1
0.680008,0.817455,1
0.826597,0.472597,1
0.650441,0.434276,1
0.306919,0.344412,1
0.512520,0.548728,1
0.619750,0.565066,1
0.669119,0.676846,1
0.583113,0.786103,1
0.544827,0.475289,1
0.525213,0.511643,1
0.580253,0.433129,1
0.440773,0.343920,1
0.518898,0.651077,1
0.631462,0.371482,1
0.382733,0.537991,1
0.478372,0.608205,1
0.443689,0.434541,1
0.548014,0.430483,1
0.489274,0.587910,1
0.471228,0.293971,1
0.653687,0.423012,1
0.593428,0.448745,1
0.640758,0.766024,1
0.501909,0.598955,1
0.629890,0.577074,1
0.685280,0.583224,1
0.412521,0.431938,1
0.503427,0.566715,1
0.553177,0.441405,1
0.415044,0.545058,1
0.442065,0.672266,1
0.375844,0.627892,1
0.720041,0.599088,1
0.374324,0.471315,1
0.573875,0.423799,1
0.255575,0.399509,1
0.685494,0.478261,1
0.587381,0.644660,1
0.647489,0.805573,1
0.603114,0.607523,1
0.634790,0.624585,1
0.489637,0.736190,1
0.708898,0.541707,1
0.543605,0.310766,1
0.621344,0.318905,1
0.612302,0.641872,1
0.598947,0.628488,1
0.503755,0.724674,1
0.578952,0.625514,1
0.429610,0.560393,1
0.341585,0.482317,1
0.655933,0.444206,1
0.475685,0.576593,1
0.353449,0.446084,1
0.487606,0.398697,1
0.590746,0.226935,1
0.568747,0.653822,1
0.722628,0.411639,1
0.470418,0.530477,1
0.587163,0.689353,1
0.702472,0.391740,1
0.500397,0.722435,1
0.655842,0.601547,1
0.518732,0.714186,1
0.504838,0.597540,1
0.583582,0.609011,1
0.552420,0.346814,1
0.631596,0.491697,1
0.586256,0.552288,1
0.490867,0.594353,1
0.373370,0.643977,1
0.704995,0.299010,1
0.554238,0.742121,1
0.552603,0.528013,1
0.633637,0.853198,1
0.542111,0.622469,1
0.523037,0.579249,1
0.613280,0.531248,1
0.506108,0.612396,1
0.514506,0.474850,1
0.424296,0.542046,1
0.677076,0.539812,1
0.603592,0.551482,1
0.303312,0.281547,1
0.543910,0.421141,1
0.584995,0.235461,1
0.744260,0.546652,1
0.589815,0.669247,1
0.645238,0.453615,1
0.629880,0.511652,1
0.443035,0.421516,1
0.619715,0.603585,1
0.748139,0.530929,1
0.717116,0.422032,1
0.537057,0.523808,1
0.449044,0.719460,1
0.588676,0.353089,1
0.489275,0.387685,1
0.499735,0.662173,1
0.358076,0.546013,1
0.643335,0.470760,1
0.720478,0.622633,1
0.795044,0.463015,1
0.619484,0.572405,1
0.439436,0.514285,1
0.586042,0.450918,1
0.448836,0.546566,1
0.565903,0.579600,1
0.757020,0.458048,1
0.615098,0.237142,1
0.531239,0.609593,1
0.554496,0.498707,1
0.665557,0.498905,1
0.553303,0.469855,1
0.617422,0.390176,1
0.605885,0.561088,1
0.489504,0.849211,1
0.590833,0.710933,1
0.682361,0.843909,1
0.434228,0.388326,1
0.466056,0.736487,1
0.493458,0.600364,1
0.675079,0.520203,1
0.525072,0.521432,1
0.523962,0.556118,1
0.544367,0.474587,1
0.354280,0.255704,1
0.631924,0.659284,1
0.543126,0.572382,1
0.660186,0.610231,1
0.620554,0.524069,1
0.522087,0.558301,1
0.609381,0.572399,1
0.597212,0.561656,1
0.597710,0.564285,1
0.372484,0.762327,1
0.564280,0.461712,1
0.720561,0.812774,1
0.413828,0.786570,1
0.874677,0.615476,1
0.520202,0.588253,1
0.614564,0.528568,1
0.764280,0.399299,1
0.666636,0.448652,1
0.539344,0.673841,1
0.677114,0.537571,1
0.543285,0.584253,1
0.511163,0.357134,1
0.521356,0.454819,1
0.534613,0.403878,1
0.507266,0.378587,1
0.462322,0.695014,1
0.720742,0.302401,1
0.677176,0.508014,1
0.759046,0.594538,1
0.510750,0.375036,1
0.895123,0.475950,1
0.516158,0.568118,1
0.466943,0.426215,1
0.871059,0.381402,1
0.641577,0.455699,1
0.420928,0.542937,1
0.268004,0.562312,1
0.802971,0.774277,1
0.763732,0.488005,1
0.536422,0.507531,1
0.725971,0.708174,1
0.378056,0.672009,1
0.270946,0.514340,1
0.452053,0.568036,1
0.688471,0.383108,1
0.637732,0.673051,1
0.720479,0.352723,1
0.602598,0.510226,1
0.611399,0.719901,1
0.643217,0.549331,1
0.645848,0.613737,1
0.565146,0.510745,1
0.665421,0.406302,1
0.751714,0.439488,1
0.405513,0.566445,1
0.809940,0.611641,1
0.454851,0.326686,1
0.537860,0.412705,1
0.609929,0.780506,1
0.610017,0.467600,1
0.474299,0.696759,1
0.672809,0.464316,1
0.600322,0.657933,1
0.653444,0.359937,1
0.650109,0.567289,1
0.660888,0.544352,1
0.389716,0.394995,1
0.590301,0.583131,1
0.711863,0.661647,1
0.464197,0.342691,1
0.727554,0.321908,1
0.647820,0.614625,1
0.694172,0.444386,1
0.548754,0.486771,1
0.485228,0.503819,1
0.620097,0.731442,1
0.497689,0.531378,1
0.462187,0.435244,1
0.393391,0.547221,1
0.687711,0.502639,1
0.478469,0.639720,1
0.582409,0.384287,1
0.628396,0.795743,1
0.422938,0.629011,1
0.559937,0.384483,1
0.506714,0.548136,1
0.406484,0.131256,1
0.450120,0.769187,1
0.705620,0.494463,1
0.546150,0.374048,1
0.527289,0.722569,1
0.582009,0.581006,1
0.449847,0.572650,1
0.385362,0.361497,1
0.538322,0.555824,1
0.277489,0.455081,1
0.471377,0.518459,1
0.588157,0.550983,1
0.793122,0.649383,1
0.531247,0.487371,1
0.563908,0.401062,1
0.641362,0.607936,1
0.417776,0.352270,1
0.560932,0.613139,1
0.694232,0.506579,1
0.783803,0.443558,1
0.582741,0.404189,1
0.635928,0.443098,1
0.552524,0.644987,1
0.346441,0.610822,1
0.411024,0.391742,1
0.597045,0.163215,1
0.309508,0.664973,1
0.505362,0.453951,1
0.503216,0.572255,1
0.691239,0.625867,1
0.536991,0.402209,1
0.736508,0.343982,1
0.566129,0.439253,1
0.210471,0.311593,1
0.534281,0.674466,1
0.688337,0.802028,1
0.361932,0.544257,1
0.851499,0.533259,1
0.535254,0.757907,1
0.565649,0.687138,1
0.278707,0.363030,1
0.695171,0.476143,1
0.639767,0.719221,1
0.433564,0.386653,1
0.592417,0.533334,1
0.537582,0.530896,1
0.694420,0.471163,1
0.687860,0.523760,1
0.668191,0.616820,1
0.697331,0.579609,1
0.578858,0.546379,1
0.487862,0.394552,1
0.654453,0.469395,1
0.524960,0.782926,1
0.521421,0.634833,1
0.564292,0.588063,1
0.759489,0.432494,1
0.604991,0.584418,1
0.601787,0.242614,1
0.800845,0.500034,1
0.660518,0.487734,1
0.691878,0.406289,1
0.568296,0.252963,1
0.677575,0.458215,1
0.550990,0.649151,1
0.689445,0.542587,1
0.506503,0.533519,1
0.870039,0.422136,1
0.415572,0.484876,1
0.543085,0.663733,1
0.751995,0.742911,1
0.605120,0.398104,1
0.682445,0.503997,1
0.662123,0.363149,1
0.633033,0.439861,1
0.776428,0.353876,1
0.940067,0.447740,1
0.265091,0.493679,1
0.538085,0.545945,1
0.423797,0.552355,1
0.674091,0.474448,1
0.522373,0.742060,1
0.675288,0.413963,1
0.445895,0.463854,1
0.343054,0.417806,1
0.555626,0.397442,1
0.419153,0.348644,1
0.530945,0.287741,1
0.454971,0.569492,1
0.363361,0.484401,1
0.434477,0.581468,1
0.715182,0.467935,1
0.532171,0.528024,1
0.278453,0.387047,1
0.647754,0.460405,1
0.727400,0.519131,1
0.505918,0.427508,1
0.403306,0.484496,1
0.762070,0.581866,1
0.622481,0.587182,1
0.678000,0.559027,1
0.632635,0.456591,1
0.608969,0.389065,1
0.728098,0.650312,1
0.730705,0.652505,1
0.487308,0.623453,1
0.641995,0.550607,1
0.640536,0.559476,1
0.768462,0.618027,1
0.676402,0.446074,1
0.564329,0.645175,1
0.759874,0.515365,1
0.774139,0.613072,1
0.412244,0.342753,1
0.306326,0.516031,1
0.799416,0.452757,1
0.656534,0.439513,1
0.692911,0.455732,1
0.621261,0.537450,1
0.505353,0.492593,1
0.555141,0.575118,1
0.359905,0.684758,1
0.788284,0.483260,1
0.502695,0.697981,1
0.775529,0.307740,1
0.655503,0.571970,1
0.595456,0.435532,1
0.703395,0.427207,1
0.524984,0.484967,1
0.723655,0.623258,1
0.675462,0.504740,1
0.618797,0.521689,1
0.468388,0.558696,1
0.520527,0.389245,1
0.432105,0.561297,1
0.669359,0.190460,0
0.580778,0.437146,0
0.483057,0.511518,0
0.595394,0.317910,0
0.702872,0.320376,0
0.541641,0.438575,0
0.248879,0.559204,0
0.473359,0.459139,0
0.625988,0.313736,0
0.398963,0.248050,0
0.166772,0.528775,0
0.531470,0.314007,0
0.343346,0.353101,0
0.348709,0.469437,0
0.556870,0.298967,0
0.402598,0.301871,0
0.412273,0.627083,0
0.422858,0.552361,0
0.330252,0.292804,0
0.415836,0.533234,0
0.101818,0.449533,0
0.293801,0.333687,0
0.592130,0.400331,0
0.466900,0.335627,0
0.572400,0.603882,0
0.462927,0.286010,0
0.460615,0.448493,0
0.729872,0.315147,0
0.195889,0.356006,0
0.258915,0.689966,0
0.338789,0.508615,0
0.280607,0.588360,0
0.303492,0.562599,0
0.496583,0.494817,0
0.308745,0.387132,0
0.403945,0.404048,0
0.471084,0.421461,0
0.601184,0.568339,0
0.241894,0.242023,0
0.251016,0.669346,0
0.460477,0.444512,0
0.288700,0.183995,0
0.630454,0.283229,0
0.587223,0.286948,0
0.493212,0.507242,0
0.290980,0.620481,0
0.342235,0.449627,0
0.612399,0.490449,0
0.459481,0.476052,0
0.430149,0.431679,0
0.419690,0.392576,0
0.313755,0.473273,0
0.583493,0.549509,0
0.312766,0.367767,0
0.338650,0.519748,0
0.562595,0.438967,0
0.373958,0.127449,0
0.357811,0.603106,0
0.521649,0.573851,0
0.387450,0.389473,0
0.289072,0.349887,0
0.607617,0.471867,0
0.133087,0.363254,0
0.490002,0.559325,0
0.419440,0.441648,0
0.479978,0.395585,0
0.212743,0.605151,0
0.613359,0.643296,0
0.623341,0.479739,0
0.475074,0.555692,0
0.340836,0.445807,0
0.332417,0.257276,0
0.386598,0.370558,0
0.255571,0.501775,0
0.435132,0.521204,0
0.347219,0.365765,0
0.443153,0.483884,0
0.357587,0.278739,0
0.322894,0.400427,0
0.346869,0.584405,0
0.449063,0.441942,0
0.335353,0.496277,0
0.447816,0.562967,0
0.766521,0.591490,0
0.600828,0.100394,0
0.629863,0.407339,0
0.274806,0.421976,0
0.761321,0.545762,0
0.349967,0.321303,0
0.134038,0.580023,0
0.394917,0.454950,0
0.610963,0.564815,0
0.095301,0.406127,0
0.381331,0.479370,0
0.328278,0.324074,0
0.391548,0.598375,0
0.462591,0.444802,0
0.391039,0.542498,0
0.484506,0.399444,0
0.370688,0.464352,0
0.488265,0.640418,0
0.312540,0.637732,0
0.479995,0.436940,0
0.398338,0.471011,0
0.336694,0.455334,0
0.512111,0.288725,0
0.550908,0.646072,0
0.437536,0.411050,0
0.355621,0.444920,0
0.319545,0.325875,0
0.415693,0.546400,0
0.633126,0.386436,0
0.224822,0.235190,0
0.641731,0.457114,0
0.526065,0.296058,0
0.388865,0.304866,0
0.510649,0.256922,0
0.394369,0.718368,0
0.535838,0.729882,0
0.641896,0.398051,0
0.389208,0.389691,0
0.427609,0.374564,0
0.366449,0.510900,0
0.399552,0.227810,0
0.501361,0.663881,0
0.531495,0.558071,0
0.333225,0.534241,0
0.510747,0.434464,0
0.696834,0.351344,0
0.308643,0.234655,0
0.502302,0.398504,0
0.654486,0.654998,0
0.467002,0.422288,0
0.555209,0.319787,0
0.486081,0.426902,0
0.356515,0.278335,0
0.433896,0.569036,0
0.632919,0.606501,0
0.401254,0.743544,0
0.465949,0.570104,0
0.269937,0.392671,0
0.434316,0.482832,0
0.405616,0.524845,0
0.401192,0.674091,0
0.490447,0.267370,0
0.555791,0.223066,0
0.327434,0.314302,0
0.555230,0.647894,0
0.460361,0.459686,0
0.087448,0.444850,0
0.353692,0.420920,0
0.355574,0.418806,0
0.594185,0.465835,0
0.502528,0.589177,0
0.369210,0.279773,0
0.395640,0.590959,0
0.454540,0.442304,0
0.650826,0.359051,0
0.366899,0.353344,0
0.488082,0.440353,0
0.475599,0.406347,0
0.461472,0.332130,0
0.309593,0.425537,0
0.281761,0.434354,0
0.539469,0.311854,0
0.235350,0.561404,0
0.520296,0.655433,0
0.285320,0.060505,0
0.371270,0.430813,0
0.442376,0.630543,0
0.245021,0.350821,0
0.409575,0.374773,0
0.388351,0.397750,0
0.425657,0.391875,0
0.470650,0.534277,0
0.648367,0.532653,0
0.741352,0.488659,0
0.536968,0.051072,0
0.465240,0.532561,0
0.503121,0.379289,0
0.402197,0.551209,0
0.272009,0.674193,0
0.571386,0.306131,0
0.316537,0.429300,0
0.333213,0.561474,0
0.607356,0.525254,0
0.390412,0.464669,0
0.415533,0.333644,0
0.428380,0.364734,0
0.175647,0.315341,0
0.427342,0.257135,0
0.530777,0.766890,0
0.426783,0.369156,0
0.083014,0.376720,0
0.372811,0.654601,0
0.475538,0.308200,0
0.419793,0.422689,0
0.302540,0.304500,0
0.364631,0.624000,0
0.303138,0.546255,0
0.533965,0.367022,0
0.442937,0.096236,0
0.525491,0.530149,0
0.551906,0.378328,0
0.538000,0.493070,0
0.321613,0.457115,0
0.428020,0.309303,0
0.332598,0.315556,0
0.298194,0.405226,0
0.412142,0.291914,0
0.542747,0.535422,0
0.356299,0.481221,0
0.442897,0.401404,0
0.521829,0.252037,0
0.531430,0.573970,0
0.642021,0.504474,0
0.419291,0.697523,0
0.553794,0.462138,0
0.502468,0.544259,0
0.445968,0.471996,0
0.517269,0.422527,0
0.205764,0.433342,0
0.572841,0.311261,0
0.594941,0.421501,0
0.492310,0.351630,0
0.242061,0.416254,0
0.502182,0.466556,0
0.296669,0.582119,0
0.401268,0.361460,0
0.528512,0.442770,0
0.536620,0.529034,0
0.442453,0.338633,0
0.482727,0.204757,0
0.271766,0.561790,0
0.423482,0.562738,0
0.452570,0.376970,0
0.559745,0.775511,0
0.561631,0.496755,0
0.755345,0.557757,0
0.519165,0.653919,0
0.398986,0.504365,0
0.554676,0.241453,0
0.451881,0.154483,0
0.501540,0.069246,0
0.468567,0.587986,0
0.420204,0.452283,0
0.634744,0.439636,0
0.568978,0.511197,0
0.690220,0.302881,0
0.363999,0.456010,0
0.511251,0.592846,0
0.269078,0.693834,0
0.169806,0.516377,0
0.368579,0.331597,0
0.498351,0.505776,0
0.398180,0.540384,0
0.504017,0.529115,0
0.236666,0.389546,0
0.550920,0.317927,0
0.564389,0.364918,0
0.293511,0.415498,0
0.480724,0.587040,0
0.367037,0.252444,0
0.400332,0.428093,0
0.515994,0.228373,0
0.505342,0.431812,0
0.519365,0.580243,0
0.285300,0.455983,0
0.454248,0.462335,0
0.657619,0.314446,0
0.428037,0.451617,0
0.516597,0.444457,0
0.664488,0.472136,0
0.570584,0.419529,0
0.716787,0.384808,0
0.423777,0.434981,0
0.583090,0.720163,0
0.592904,0.536461,0
0.249546,0.652167,0
0.651020,0.269574,0
0.514878,0.294586,0
0.497461,0.443412,0
0.541686,0.397897,0
0.427952,0.539201,0
0.510802,0.518223,0
0.226771,0.551968,0
0.500956,0.462635,0
0.490058,0.419718,0
0.414036,0.608780,0
0.493766,0.346581,0
0.684684,0.459519,0
0.655052,0.254144,0
0.209492,0.401440,0
0.445329,0.241515,0
0.666929,0.122629,0
0.709544,0.805860,0
0.481898,0.351307,0
0.461896,0.518355,0
0.419442,0.364728,0
0.384168,0.342032,0
0.688652,0.427381,0
0.230778,0.570742,0
0.601951,0.261719,0
0.394755,0.627140,0
0.399173,0.347332,0
0.121532,0.283961,0
0.277805,0.459947,0
0.429453,0.322212,0
0.284718,0.294143,0
0.337684,0.221412,0
0.158489,0.656186,0
0.523578,0.479891,0
0.351167,0.476536,0
0.291798,0.506654,0
0.319413,0.612298,0
0.316497,0.531780,0
0.801535,0.474601,0
0.212543,0.473658,0
0.488779,0.685157,0
0.550800,0.419815,0
0.591480,0.374653,0
0.502527,0.530152,0
0.025712,0.415038,0
0.293638,0.316593,0
0.494857,0.298364,0
0.547833,0.460364,0
0.432226,0.506244,0
0.660859,0.507654,0
0.733377,0.388769,0
0.310776,0.197353,0
0.506313,0.554556,0
0.274249,0.392998,0
0.353141,0.297418,0
0.597191,0.663980,0
0.437253,0.150042,0
0.429729,0.641805,0
0.311557,0.352761,0
0.537195,0.565566,0
0.618735,0.465798,0
0.463141,0.466212,0
0.496421,0.499119,0
0.612108,0.281478,0
0.365744,0.588290,0
0.584155,0.285037,0
0.656840,0.360714,0
0.658485,0.161232,0
0.313322,0.540960,0
0.522199,0.548379,0
0.526593,0.276236,0
0.603881,0.231613,0
0.612102,0.398321,0
0.551205,0.719492,0
0.340811,0.432497,0
0.182737,0.616308,0
0.400657,0.363999,0
0.618830,0.503941,0
0.615868,0.523792,0
0.450222,0.601380,0
0.142206,0.339553,0
0.655155,0.348580,0
0.523790,0.568477,0
0.440066,0.324842,0
0.691020,0.215194,0
0.354497,0.413582,0
0.447934,0.540786,0
0.517977,0.270632,0
0.370441,0.377209,0
0.556519,0.619018,0
0.392225,0.635210,0
0.243206,0.693874,0
0.320873,0.508484,0
0.379575,0.531922,0
0.592503,0.384672,0
0.431493,0.569313,0
0.407400,0.492485,0
0.498091,0.300979,0
0.565662,0.589704,0
0.376871,0.452256,0
0.430506,0.505908,0
0.454067,0.459035,0
0.487730,0.362424,0
0.332849,0.254973,0
0.341083,0.211993,0
0.620489,0.412744,0
0.297450,0.601763,0
0.286661,0.468618,0
0.483401,0.296396,0
0.364702,0.375177,0
0.464026,0.404555,0
0.584441,0.405071,0
0.316699,0.332997,0
0.312939,0.375487,0
0.151350,0.285673,0
0.597404,0.475449,0
0.494719,0.869862,0
0.609236,0.524248,0
0.586449,0.458493,0
0.024283,0.516448,0
0.597080,0.670972,0
0.332068,0.423666,0
0.571089,0.597064,0
0.504740,0.500181,0
0.348507,0.346327,0
0.311186,0.503964,0
0.327827,0.461568,0
0.753854,0.563786,0
0.324635,0.494452,0
0.481004,0.477209,0
0.516721,0.527739,0
0.670664,0.350315,0
0.346520,0.477063,0
0.618624,0.377662,0
0.434051,0.448289,0
0.455131,0.390684,0
0.474741,0.619964,0
0.402213,0.665045,0
0.503023,0.381363,0
0.575041,0.071348,0
0.283157,0.518438,0
0.678937,0.521814,0
0.344647,0.529003,0
0.343177,0.258696,0
0.425994,0.343541,0
0.449101,0.531758,0
0.499486,0.457826,0
0.561762,0.461523,0
0.606951,0.360586,0
0.388272,0.422028,0
0.398194,0.584396,0
0.557526,0.297584,0
0.264552,0.318658,0
0.423250,0.505490,0
0.317642,0.250399,0
0.387008,0.477594,0
0.531749,0.428797,0
0.418783,0.431244,0
0.354647,0.434173,0
0.387007,0.524194,0
0.593368,0.560067,0
0.255164,0.343398,0
0.456065,0.467025,0
0.505618,0.445736,0
0.466917,0.510006,0
0.563479,0.387396,0
0.256706,0.520251,0
0.212618,0.448353,0
0.422953,0.399428,0
0.380196,0.483676,0
0.459104,0.328652,0
0.579595,0.368967,0
0.393188,0.432256,0
0.472152,0.099048,0
0.324319,0.646593,0
0.563059,0.609987,0
0.390074,0.471326,0
0.387829,0.817698,0
0.134991,0.402044,0
0.391476,0.388626,0
0.417835,0.386149,0
0.261422,0.372042,0
0.400336,0.301164,0
0.485033,0.295878,0
0.362173,0.382451,0
0.373051,0.375698,0
0.515120,0.614253,0
0.515146,0.296721,0
0.272042,0.390778,0
0.443825,0.375849,0
0.633278,0.439283,0
0.560021,0.522242,0
0.465180,0.620150,0
0.617370,0.423753,0
0.400376,0.355905,0
0.434819,0.349212,0
0.297059,0.534251,0
0.495938,0.490351,0
0.282777,0.637384,0
0.520670,0.481373,0
0.386659,0.309890,0
0.469856,0.855713,0
0.723834,0.518540,0
0.382199,0.281518,0
0.506977,0.309345,0
0.291701,0.381683,0
0.499167,0.263328,0
0.352967,0.297764,0
0.260133,0.441792,0
0.372056,0.502339,0
0.441268,0.517288,0
0.358802,0.309619,0
0.355842,0.396821,0
0.242744,0.319050,0
0.398292,0.312216,0
0.719625,0.398875,0
0.425093,0.536693,0
0.463157,0.428472,0
0.618965,0.414542,0
0.448959,0.490023,0
0.249878,0.713995,0
0.194942,0.308245,0
0.368725,0.608356,0
0.626393,0.269198,0
0.605411,0.650275,0
0.429416,0.426411,0
0.359163,0.272791,0
0.541160,0.321523,0
0.501618,0.494421,0
0.438814,0.506538,0
0.537640,0.280660,0
0.473920,0.350360,0
0.603732,0.442545,0
0.286161,0.313766,0
0.421474,0.560584,0
0.430325,0.523679,0
0.563751,0.371342,0
0.308813,0.540767,0
0.356192,0.705142,0
0.522938,0.594741,0
0.528849,0.333781,0
0.464776,0.485517,0
0.391763,0.115353,0
0.439674,0.054391,0
0.592998,0.525625,0
0.618810,0.473604,0
0.763603,0.449313,0
0.478338,0.320261,0
0.358511,0.426181,0
0.698690,0.285983,0
0.503217,0.475026,0
0.368013,0.570872,0
0.189778,0.506955,0
0.310026,0.471562,0
0.183696,0.294205,0
0.353229,0.582867,0
0.279754,0.200791,0
0.596050,0.556288,0
0.393303,0.545730,0
0.231405,0.337123,0
0.283163,0.544908,0
0.554564,0.216378,0
0.508829,0.342924,0
0.572208,0.389731,0
0.611887,0.482202,0
0.217953,0.233802,0
0.410324,0.481711,0
0.359190,0.575726,0
0.489120,0.278682,0
0.623097,0.439333,0
0.296867,0.579707,0
0.539081,0.564042,0
0.512387,0.606908,0
0.398147,0.268188,0
0.458638,0.624596,0
0.152802,0.467690,0
0.474060,0.147983,0
0.293111,0.651709,0
0.517547,0.403000,0
0.082174,0.602996,0
0.315554,0.148665,0
0.234276,0.648148,0
0.562483,0.511584,0
0.312775,0.429136,0
0.548840,0.345427,0
0.563575,0.587541,0
0.422711,0.198826,0
0.311787,0.598427,0
0.664756,0.510795,0
0.541505,0.379229,0
0.409512,0.522284,0
0.433792,0.337060,0
0.380540,0.465895,0
0.604983,0.344310,0
0.375649,0.378492,0
0.320250,0.595711,0
0.275032,0.410096,0
0.418272,0.381034,0
0.397868,0.351201,0
0.518601,0.318057,0
0.368424,0.540202,0
0.476129,0.467008,0
0.501288,0.341665,0
0.653532,0.442805,0
0.465278,0.448302,0
0.195223,0.472040,0
0.384795,0.278770,0
0.590946,0.458487,0
0.301021,0.258438,0
0.401064,0.626542,0
0.461684,0.359964,0
0.375726,0.517898,0
0.373203,0.589075,0
0.440752,0.507705,0
0.592938,0.589526,0
0.000000,0.544618,0
0.533790,0.466930,0
0.250424,0.423902,0
0.376754,0.381257,0
0.317908,0.608135,0
0.665983,0.371060,0
0.562191,0.461665,0
0.439384,0.308644,0
0.154901,0.535649,0
0.462254,0.467574,0
0.502308,0.445750,0
0.571628,0.388296,0
0.393722,0.493320,0
0.497721,0.338110,0
0.240763,0.384929,0
0.212261,0.423346,0
0.504917,0.417340,0
0.653360,0.340442,0
0.358585,0.409981,0
0.609117,0.487161,0
0.499776,0.519356,0
0.244488,0.255720,0
0.530669,0.311082,0
0.549052,0.400766,0
0.602880,0.409843,0
0.403235,0.489088,0
0.199612,0.400542,0
0.266857,0.371132,0
0.818134,0.403480,0
0.352479,0.584696,0
0.279946,0.736371,0
0.221867,0.304375,0
0.442545,0.326407,0
0.444021,0.508778,0
0.386843,0.201772,0
0.325863,0.623740,0
0.266604,0.267259,0
0.553292,0.444709,0
0.288008,0.625765,0
0.536521,0.374357,0
0.489950,0.451805,0
0.395606,0.303180,0
0.533727,0.327420,0
0.565239,0.323955,0
0.430590,0.180829,0
0.500013,0.382722,0
0.331453,0.388037,0
0.215998,0.442652,0
0.424792,0.477982,0
0.440544,0.692854,0
0.487965,0.352502,0
0.258477,0.492695,0
0.385672,0.584353,0
0.558003,0.507076,0
0.561902,0.468378,0
0.355914,0.378490,0
0.371242,0.584324,0
0.519716,0.727103,0
0.372558,0.439499,0
0.634036,0.373934,0
0.307489,0.376167,0
0.639807,0.514810,0
0.398389,0.464485,0
0.491481,0.547600,0
0.444579,0.189631,0
0.608009,0.154557,0
0.059901,0.432282,0
0.296007,0.537784,0
0.302535,0.737954,0
0.413877,0.326811,0
0.429372,0.612730,0
0.302807,0.475567,0
0.514696,0.364172,0
0.492404,0.286270,0
0.445484,0.401906,0
0.383766,0.271362,0
0.392371,0.528182,0
0.553368,0.527107,0
0.533610,0.254231,0
0.510274,0.441050,0
0.506745,0.533227,0
0.332765,0.358483,0
0.410241,0.432045,0
0.502987,0.397804,0
0.250629,0.453187,0
0.321140,0.412625,0
0.519450,0.373051,0
0.540823,0.349311,0
0.476433,0.341968,0
0.362539,0.546666,0
0.675647,0.506408,0
0.471923,0.593898,0
0.543259,0.521306,0
0.374154,0.432808,0
0.330077,0.330273,0
0.373994,0.525800,0
0.387677,0.550000,0
0.454545,0.315834,0
0.320057,0.409912,0
0.406278,0.441656,0
0.343918,0.517637,0
0.620908,0.231227,0
0.469338,0.344902,0
0.729905,0.313846,0
0.524036,0.487185,0
0.232640,0.278705,0
0.585461,0.521141,0
0.515617,0.563960,0
0.341791,0.698862,0
0.652831,0.391646,0
0.429727,0.414861,0
0.310876,0.301953,0
0.320452,0.255172,0
0.333134,0.596049,0
0.295763,0.299811,0
0.205710,0.532266,0
0.284387,0.320333,0
0.344239,0.314475,0
0.468227,0.843580,0
0.351388,0.158253,0
0.560467,0.496579,0
0.481411,0.382045,0
0.639137,0.447353,0
0.164674,0.438575,0
0.527005,0.372024,0
0.412879,0.344861,0
0.696696,0.407429,0
0.341209,0.457737,0
0.465907,0.581525,0
0.495006,0.542029,0
0.617055,0.335957,0
0.446766,0.510248,0
0.376334,0.346251,0
0.417552,0.496724,0
0.619147,0.198454,0
0.488062,0.496544,0
0.435937,0.455731,0
0.433730,0.293811,0
0.315885,0.695724,0
0.571149,0.610459,0
0.517106,0.525116,0
0.546955,0.273007,0
0.722244,0.477968,0
0.626669,0.551471,0
0.393621,0.577087,0
0.229172,0.723225,0
0.419146,0.467748,0
0.532865,0.436579,0
0.447055,0.384525,0
0.530040,0.461852,0
0.487699,0.453849,0
0.410271,0.132341,0
0.336756,0.161844,0
0.391330,0.222987,0
0.478626,0.435793,0
0.438281,0.424940,0
0.476118,0.627704,0
0.381296,0.119683,0
0.459691,0.605551,0
0.507145,0.390803,0
0.338747,0.501961,0
0.275942,0.285875,0
0.400221,0.421677,0
0.561943,0.690445,0
0.577707,0.401342,0
0.398664,0.598556,0
0.538626,0.479557,0
0.654411,0.428252,0
0.358092,0.707957,0
0.686351,0.260352,0
0.368512,0.436213,0
0.327434,0.396253,0
0.460996,0.419831,0
0.205283,0.375950,0
0.441097,0.313023,0
0.531930,0.278135,0
0.494410,0.447400,0
0.427428,0.219765,0
0.213126,0.506108,0
0.463320,0.297502,0
0.317903,0.170943,0
0.397708,0.708100,0
0.545701,0.605652,0
0.361097,0.433132,0
0.461939,0.339997,0
0.168413,0.414177,0
0.391586,0.632724,0
0.462301,0.577541,0
0.421481,0.328502,0
0.527139,0.376240,0
0.389836,0.543521,0
0.502298,0.646840,0
0.348522,0.153891,0
0.370001,0.458973,0
0.494675,0.465271,0
0.406637,0.598187,0
0.492735,0.453863,0
0.396713,0.445417,0
0.374636,0.442758,0
0.431679,0.385932,0
0.359728,0.611544,0
0.331832,0.365747,0
0.429572,0.485594,0
0.545186,0.649221,0
0.343732,0.240954,0
0.475067,0.310686,0
0.286710,0.546988,0
0.543856,0.502215,0
0.412723,0.395196,0
0.489128,0.492158,0
0.295508,0.327374,0
0.499188,0.415617,0
0.456224,0.432741,0
0.317719,0.574609,0
0.540891,0.317919,0
0.264961,0.316848,0
0.458475,0.076079,0
0.332709,0.452761,0
0.414670,0.308994,0
0.554323,0.354159,0
0.512193,0.338135,0
0.140682,0.284270,0
0.301158,0.493648,0
0.557848,0.531379,0
0.363352,0.512991,0
0.563199,0.544224,0
0.374232,0.457645,0
0.361074,0.555009,0
0.603643,0.580610,0
0.540469,0.354349,0
0.730043,0.493601,0
0.451244,0.576849,0
0.312912,0.307331,0
0.693618,0.373527,0
0.520627,0.588368,0
0.633397,0.526323,0
0.406441,0.168742,0
0.379387,0.515027,0
0.437827,0.443951,0
0.291904,0.642593,0
0.600081,0.368057,0
0.428036,0.317662,0
0.364742,0.422785,0
0.537912,0.467382,0
0.658384,0.259844,0
0.114799,0.354096,0
0.578632,0.426093,0
0.353272,0.447321,0
0.321478,0.282480,0
0.414890,0.701105,0
0.495059,0.379840,0
0.383776,0.554084,0
0.351487,0.632704,0
0.301605,0.393593,0
0.370854,0.649250,0
0.368103,0.464046,0
0.513573,0.105114,0
0.389016,0.310986,0
0.457976,0.221253,0
0.335248,0.193677,0
0.409910,0.532202,0
0.681741,0.290736,0
0.378797,0.290597,0
0.434637,0.327430,0
0.331002,0.376128,0
0.574578,0.416585,0
0.328129,0.252917,0
0.520902,0.444260,0
0.482180,0.381339,0
0.605436,0.537915,0
0.486116,0.241964,0
0.212705,0.543139,0
0.459735,0.607070,0
0.492482,0.517907,0
0.451620,0.697864,0
0.453810,0.203383,0
0.587648,0.211755,0
0.380643,0.533186,0
0.385206,0.588094,0
0.391783,0.246291,0
0.455540,0.461256,0
0.506555,0.072911,0
0.386007,0.456507,0
0.617539,0.345311,0
0.327824,0.549375,0
0.388667,0.596340,0
0.500812,0.547166,0
0.478689,0.485293,0
0.418220,0.263566,0
0.406382,0.264875,0
0.494753,0.446875,0
0.641484,0.484273,0
0.530390,0.606105,0
0.498841,0.313485,0
0.458214,0.352394,0
0.308487,0.449060,0
0.282286,0.539769,0
0.232664,0.460172,0
0.439031,0.376006,0
0.347390,0.531505,0
0.377688,0.560139,0
0.440564,0.395821,0
0.735081,0.600705,0
0.490060,0.410765,0
0.447758,0.514481,0
0.245371,0.233001,0
0.604809,0.511167,0
0.340408,0.356680,0
0.753535,0.463354,0
0.382539,0.240311,0
0.287545,0.282461,0
0.456261,0.431874,0
0.204023,0.200834,0
0.334547,0.448913,0
0.546878,0.375989,0
0.400405,0.548363,0
0.428410,0.586763,0
0.406070,0.381238,0
0.398834,0.370340,0
0.410161,0.589093,0
0.545789,0.548190,0
0.446058,0.411318,0
0.435405,0.541738,0
0.394532,0.502649,0
0.718390,0.370479,0
0.235769,0.423892,0
0.554996,0.594009,0
0.271244,0.522615,0
0.622774,0.430096,0
0.261184,0.469357,0
0.519515,0.215071,0
0.535788,0.415582,0
0.621582,0.450948,0
0.380930,0.646823,0
0.264596,0.592826,0
0.493512,0.499356,0
0.389923,0.324805,0
0.527018,0.462876,0
0.490859,0.654328,0
0.333557,0.428098,0
0.501685,0.356057,0
0.177431,0.406706,0
0.705292,0.384169,0
0.566996,0.448670,0
0.619455,0.248637,0
0.591401,0.442985,0
0.475814,0.546129,0
0.448592,0.587188,0
0.423507,0.418758,0
0.328532,0.596501,0
0.356511,0.581300,0
0.553204,0.323169,0
0.496167,0.616524,0
0.324188,0.426945,0
0.364572,0.156374,0
0.711089,0.698767,0
0.499402,0.431185,0
0.408565,0.686529,0
0.471520,0.590850,0
0.592002,0.232757,0
0.452562,0.471152,0
0.444327,0.482339,0
0.445934,0.539112,0
0.403808,0.466988,0
0.509819,0.393860,0
0.444021,0.477397,0
0.087934,0.389052,0
0.334671,0.421155,0
0.485474,0.553843,0
0.416488,0.515730,0
0.536490,0.683225,0
0.355310,0.476493,0
0.576036,0.361132,0
0.478367,0.480676,0
0.373610,0.544008,0
0.358270,0.362574,0
0.538825,0.667999,0
0.548725,0.353553,0
0.500926,0.481839,0
0.490661,0.421323,0
0.532954,0.483760,0
0.281388,0.522886,0
0.457241,0.493254,0
0.587674,0.456273,0
0.340664,0.537826,0
0.465565,0.341366,0
0.509592,0.695626,0
0.399946,0.482845,0
0.496991,0.433280,0
0.457548,0.482534,0
0.480094,0.306702,0
0.425217,0.382018,0
0.539080,0.400745,0
0.473339,0.465872,0
0.323091,0.497155,0
0.480665,0.499772,0
0.505085,0.326979,0
0.358359,0.345612,0
0.369487,0.386267,0
0.381144,0.370584,0
0.529000,0.485965,0
0.388906,0.513659,0
0.535699,0.426734,0
0.322913,0.520051,0
0.424433,0.577402,0
0.689197,0.479611,0
0.338985,0.329882,0
0.544070,0.630562,0
0.469103,0.423964,0
0.245026,0.417022,0
0.597036,0.475195,0
0.355625,0.812106,0
0.787456,0.163445,0
0.301922,0.518475,0
0.265439,0.489206,0
0.484656,0.398316,0
0.384756,0.617728,0
0.307610,0.452672,0
0.367177,0.546383,0
0.494554,0.527687,0
0.671931,0.532974,0
0.640009,0.480081,0
0.544905,0.391432,0
0.437936,0.091991,0
0.363042,0.424527,0
0.341184,0.244869,0
0.270988,0.343888,0
0.379593,0.701906,0
0.435560,0.153154,0
0.428855,0.558944,0
0.230287,0.444144,0
0.404182,0.335652,0
0.404020,0.458305,0
0.665836,0.552957,0
0.478444,0.393524,0
0.497102,0.298579,0
0.775694,0.484934,0
0.690113,0.689379,0
0.386855,0.405784,0
0.460537,0.409404,0
0.530660,0.507963,0
0.505343,0.375716,0
0.089936,0.442853,0
0.377759,0.571144,0
0.762597,0.664555,0
0.397228,0.410809,0
0.193132,0.540795,0
0.300049,0.314083,0
0.269573,0.543622,0
0.717602,0.549093,0
0.568118,0.664167,0
0.467013,0.564763,0
0.483388,0.331503,0
0.513266,0.630969,0
0.265463,0.313998,0
0.401637,0.344932,0
0.596240,0.303225,0
0.303625,0.655981,0
0.379495,0.413825,0
0.657662,0.408913,0
0.318011,0.500406,0
0.467376,0.445554,0
0.309287,0.371882,0
0.702986,0.323209,0
0.370780,0.460047,0
0.405145,0.317435,0
0.456297,0.431261,0
0.397292,0.478154,0
0.457302,0.339672,0
0.396194,0.451339,0
0.548889,0.486193,0
0.592394,0.435732,0
0.281538,0.483144,0
0.529813,0.547237,0
0.135516,0.527847,0
0.382991,0.564796,0
0.174742,0.587654,0
0.481830,0.623794,0
0.441406,0.214780,0
0.316995,0.502516,0
0.488592,0.502904,0
0.379652,0.418311,0
0.427343,0.528814,0
0.515391,0.338717,0
0.439414,0.551311,0
0.297067,0.315542,0
0.361561,0.203070,0
0.235083,0.593606,0
0.275993,0.235542,0
0.293811,0.417716,0
0.515665,0.420248,0
0.580577,0.595374,0
0.519336,0.403061,0
0.500470,0.277996,0
0.542618,0.265018,0
0.500940,0.801233,0
0.432047,0.624953,0
0.618088,0.279712,0
0.344508,0.459564,0
0.531125,0.609989,0
0.433226,0.169150,0
0.441525,0.506446,0
0.408532,0.465559,0
0.182430,0.522742,0
0.497494,0.645185,0
0.610864,0.185148,0
0.508103,0.519161,0
0.412294,0.169611,0
0.384480,0.449086,0
0.515368,0.414002,0
0.237890,0.386242,0
0.410858,0.418187,0
0.684841,0.295874,0
0.397891,0.573860,0
0.488533,0.442517,0
0.419109,0.450388,0
0.597336,0.476267,0
0.348405,0.525654,0
0.310277,0.527704,0
0.500016,0.379698,0
0.494916,0.761348,0
0.374287,0.326754,0
0.444529,0.547826,0
0.374980,0.493145,0
0.447549,0.508966,0
0.693754,0.449891,0
0.403469,0.244466,0
0.535892,0.338091,0
0.199855,0.337425,0
0.556654,0.408398,0
0.518979,0.704468,0
0.533721,0.540067,0
0.510727,0.459107,0
0.489337,0.306181,0
0.353296,0.425303,0
0.608303,0.412588,0
0.524631,0.520205,0
0.361804,0.390998,0
0.476272,0.414520,0
0.395854,0.579395,0
0.379957,0.423285,0
0.469243,0.883298,0
0.175865,0.547037,0
0.402053,0.195962,0
0.503476,0.459962,0
0.234420,0.237609,0
0.564664,0.502160,0
0.426724,0.492980,0
0.415158,0.251535,0
0.500909,0.581254,0
0.677501,0.586496,0
0.641799,0.870952,0
0.539800,0.285296,0
0.514092,0.731316,0
0.632657,0.501455,0
0.043087,0.219747,0
0.441715,0.432672,0
0.449933,0.330685,0
0.378009,0.351514,0
0.500910,0.441547,0
0.444538,0.477491,0
0.476306,0.628392,0
0.340007,0.480153,0
0.504234,0.279486,0
0.468215,0.330169,0
0.579107,0.440956,0
0.530120,0.301262,0
0.323894,0.415006,0
0.447103,0.713436,0
0.398220,0.333959,0
0.530487,0.348149,0
0.472374,0.631243,0
0.213873,0.684052,0
0.514378,0.759954,0
0.536408,0.226688,0
0.310860,0.379275,0
0.459440,0.632847,0
0.464209,0.579438,0
0.658720,0.383148,0
0.539642,0.539058,0
0.184747,0.413556,0
0.536591,0.501574,0
0.539652,0.399136,0
0.624665,0.530613,0
0.572680,0.407557,0
0.408346,0.251462,0
0.476554,0.321168,0
0.444186,0.386128,0
0.311188,0.615573,0
0.474728,0.260257,0
0.640316,0.396862,0
0.494775,0.188106,0
0.382616,0.374011,0
0.348569,0.617143,0
0.236507,0.308229,0
0.352756,0.516138,0
0.424701,0.548982,0
0.319810,0.705437,0
0.483004,0.489533,0
0.501592,0.283347,0
0.495189,0.480813,0
0.387970,0.445306,0
0.277951,0.493534,0
0.678255,0.439182,0
0.543005,0.528441,0
0.730785,0.528067,0
0.567383,0.480089,0
0.585167,0.601403,0
0.559892,0.300649,0
0.344923,0.359341,0
0.424105,0.351738,0
0.551234,0.377611,0
0.414238,0.563001,0
0.412602,0.424053,0
0.398797,0.518153,0
0.378179,0.625194,0
0.444904,0.594983,0
0.677413,0.393764,0
0.375144,0.600130,0
0.504768,0.452176,0
0.329715,0.546117,0
0.657306,0.321473,0
0.647615,0.327535,0
0.611590,0.604979,0
0.372375,0.403655,0
0.489185,0.313717,0
0.251915,0.341806,0
0.307814,0.418178,0
0.462957,0.460782,0
0.373130,0.396089,0
0.469202,0.475745,0
0.467289,0.385715,0
0.397941,0.513455,0
0.290367,0.323513,0
0.556267,0.444611,0
0.453201,0.540707,0
0.434238,0.599260,0
0.337235,0.361729,0
0.354995,0.526393,0
0.269488,0.523835,0
0.403870,0.435117,0
0.442825,0.247498,0
0.358876,0.285028,0
0.418038,0.379923,0
0.617815,0.445134,0
0.372354,0.362372,0
0.358379,0.258104,0
0.165756,0.398286,0
0.476710,0.593213,0
0.402880,0.405688,0
0.253453,0.252598,0
0.268987,0.381057,0
0.613531,0.396205,0
0.342148,0.641835,0
0.506264,0.749974,0
0.329839,0.593979,0
0.762350,0.068979,0
0.158719,0.498781,0
0.130166,0.242436,0
0.433298,0.416552,0
0.396527,0.411201,0
0.501577,0.639583,0
0.522208,0.612073,0
0.661121,0.327426,0
0.547307,0.315903,0
0.305142,0.333608,0
0.540526,0.694456,0
0.612957,0.477585,0
0.540497,0.392208,0
0.654051,0.495402,0
0.658989,0.641267,0
0.522203,0.248991,0
0.272976,0.264529,0
0.529188,0.512498,0
0.422018,0.426334,0
0.661197,0.541478,0
0.585608,0.550561,0
0.494230,0.294608,0
0.471589,0.362671,0
0.649490,0.284953,0
0.411850,0.457063,0
0.348217,0.344017,0
0.614282,0.628201,0
0.280213,0.555071,0
0.426319,0.597699,0
0.302014,0.411754,0
0.433019,0.194347,0
0.486279,0.490571,0
0.534134,0.477792,0
0.634115,0.402534,0
0.402620,0.418988,0
0.483170,0.370598,0
0.481182,0.680064,0
0.660729,0.353925,0
0.283408,0.352968,0
0.506605,0.600615,0
0.354294,0.559360,0
0.523301,0.393115,0
0.522487,0.391874,0
0.530325,0.660961,0
0.208183,0.461889,0
0.313484,0.365927,0
0.146014,0.780394,0
0.387920,0.460565,0
0.326466,0.605573,0
0.286016,0.533983,0
0.369470,0.582559,0
0.414613,0.504012,0
0.437203,0.686330,0
0.684429,0.410481,0
0.346355,0.373872,0
0.417349,0.535529,0
0.640067,0.658489,0
0.388754,0.671047,0
0.453617,0.550615,0
0.650550,0.738992,0
0.530064,0.507637,0
0.409786,0.396167,0
0.362259,0.638217,0
0.557020,0.342123,0
0.672584,0.651874,0
0.605331,0.424963,0
0.280368,0.413859,0
0.294440,0.452346,0
0.458418,0.326456,0
0.509464,0.404795,0
0.350460,0.701215,0
0.510699,0.437836,0
0.349077,0.600123,0
0.410207,0.533691,0
0.329634,0.403099,0
0.540446,0.269082,0
0.353080,0.361037,0
0.185412,0.233687,0
0.504776,0.349269,0
0.537010,0.271477,0
0.635855,0.299378,0
0.426147,0.191080,0
0.419821,0.528522,0
0.503768,0.266281,0
0.378225,0.671983,0
0.448996,0.492011,0
0.569425,0.468936,0
0.117222,0.518615,0
0.469152,0.481548,0
0.499111,0.472138,0
0.517363,0.507419,0
0.546156,0.441766,0
0.402830,0.552017,0
0.427771,0.362992,0
0.286657,0.493470,0
0.592385,0.747063,0
0.364899,0.579358,0
0.304111,0.255171,0
0.448869,0.411585,0
0.193448,0.577804,0
0.339112,0.365552,0
0.327864,0.409913,0
0.339637,0.746664,0
0.516274,0.335174,0
0.611044,0.309604,0
0.650605,0.585340,0
0.584895,0.440412,0
0.472405,0.600342,0
0.394615,0.256769,0
0.528127,0.246127,0
0.322447,0.087330,0
0.438678,0.302944,0
0.602743,0.538617,0
0.337509,0.287846,0
0.273104,0.573456,0
0.404518,0.213872,0
0.259155,0.451775,0
0.556351,0.566526,0
0.479109,0.370583,0
0.383674,0.258001,0
0.398512,0.356266,0
0.235005,0.384121,0
0.524687,0.507156,0
0.452000,0.535727,0
0.474783,0.379323,0
0.434448,0.743995,0
0.400879,0.463090,0
0.604777,0.469212,0
0.367578,0.318438,0
0.110478,0.488870,0
0.460731,0.215022,0
0.512496,0.292105,0
0.603597,0.712849,0
0.439455,0.512446,0
0.374757,0.142057,0
0.617725,0.296684,0
0.631636,0.535973,0
0.673849,0.411469,0
0.626079,0.288692,0
0.476723,0.217004,0
0.490700,0.524154,0
0.247091,0.154541,0
0.431408,0.352804,0
0.246838,0.445444,0
0.462126,0.483085,0
0.351496,0.565689,0
0.298686,0.402097,0
0.217390,0.601002,0
0.698140,0.344956,0
0.498689,0.646383,0
0.607263,0.630758,0
0.349358,0.341578,0
0.540827,0.452107,0
0.496567,0.496243,0
0.566928,0.462408,0
0.679493,0.552615,0
0.127291,0.448498,0
0.440484,0.505154,0
0.210236,0.370987,0
0.417940,0.281667,0
0.593619,0.409983,0
0.627016,0.629644,0
0.362519,0.607556,0
0.340534,0.378186,0
0.250448,0.622441,0
0.525958,0.233191,0
0.548335,0.268224,0
0.255332,0.706406,0
0.433128,0.501102,0
0.544869,0.403009,0
0.506292,0.291237,0
0.434891,0.303900,0
0.341060,0.531836,0
0.436463,0.462239,0
0.560221,0.549813,0
0.482502,0.500370,0
0.472070,0.407393,0
0.506240,0.486175,0
0.443354,0.325114,0
0.550105,0.475090,0
0.289715,0.509102,0
0.248891,0.293233,0
0.389725,0.417373,0
0.364975,0.090635,0
0.377696,0.279668,0
0.292354,0.583356,0
0.524617,0.467163,0
0.603833,0.277235,0
0.368820,0.387469,0
0.274447,0.476545,0
0.747430,0.275453,0
0.690044,0.397077,0
0.388115,0.298347,0
0.403849,0.477074,0
0.558144,0.521973,0
0.281560,0.502025,0
0.541292,0.506250,0
0.234210,0.409194,0
0.534926,0.276679,0
0.241524,0.241649,0
0.518667,0.386937,0
0.530981,0.470454,0
0.484643,0.466340,0
0.481935,0.622287,0
0.325129,0.443642,0
0.528841,0.421693,0
0.387702,0.409764,0
0.482301,0.339084,0
0.591195,0.609210,0
0.626733,0.520082,0
0.404066,0.436415,0
0.515590,0.500706,0
0.449509,0.515950,0
0.341245,0.392889,0
0.288258,0.624112,0
0.436640,0.570603,0
0.601163,0.441914,0
0.486147,0.188407,0
0.465642,0.281935,0
0.580366,0.442641,0
0.445606,0.627059,0
0.497832,0.545502,0
0.341384,0.445466,0
0.441169,0.637970,0
0.310061,0.182286,0
0.406678,0.476885,0
0.332759,0.550386,0
0.567542,0.398072,0
0.429402,0.452860,0
0.229185,0.581319,0
0.615672,0.546089,0
0.388668,0.628602,0
0.375979,0.532189,0
0.516714,0.396546,0
0.386181,0.324202,0
0.574266,0.443648,0
0.473620,0.422317,0
0.376171,0.449421,0
0.316177,0.424139,0
0.524958,0.498163,0
0.411971,0.329189,0
0.337829,0.637906,0
0.418540,0.419649,0
0.497157,0.563751,0
0.546949,0.187801,0
0.606477,0.278406,0
0.650874,0.388891,0
0.661096,0.354304,0
0.301179,0.691954,0
0.558781,0.320316,0
0.369767,0.547267,0
0.292514,0.430985,0
0.393885,0.390676,0
0.367544,0.347471,0
0.428536,0.340029,0
0.353358,0.421416,0
0.671158,0.438946,0
0.281400,0.545889,0
0.668589,0.607093,0
0.655239,0.381127,0
0.564183,0.436160,0
0.521154,0.355530,0
0.360479,0.330204,0
0.578025,0.641504,0
0.216878,0.332743,0
0.539655,0.361298,0
0.564740,0.124032,0
0.522924,0.408532,0
0.621802,0.832172,0
0.450856,0.395917,0
0.563587,0.311825,0
0.370423,0.457403,0
0.261933,0.430455,0
0.507683,0.376103,0
0.413971,0.445294,0
0.454449,0.432353,0
0.533517,0.610799,0
0.597645,0.393570,0
0.508361,0.444616,0
0.412657,0.342403,0
0.486387,0.468761,0
0.475085,0.634462,0
0.386000,0.435730,0
0.455158,0.127534,0
0.343412,0.479935,0
0.648777,0.407301,0
0.415917,0.558903,0
0.563497,0.186506,0
0.369508,0.534139,0
0.453116,0.562086,0
0.414101,0.326084,0
0.480777,0.406738,0
0.445366,0.685508,0
0.442526,0.557317,0
0.221127,0.605619,0
0.629623,0.667117,0
0.453224,0.491073,0
0.218332,0.543537,0
0.491929,0.599590,0
0.327236,0.273163,0
0.366495,0.441218,0
0.562614,0.387116,0
0.433257,0.420138,0
0.425926,0.629216,0
0.392952,0.654752,0
0.259167,0.650291,0
0.483321,0.330687,0
0.555430,0.318912,0
0.326829,0.533861,0
0.262485,0.697466,0
0.396846,0.362652,0
0.564525,0.450407,0
0.412612,0.428237,0
0.540108,0.322551,0
0.529113,0.770137,0
0.479918,0.157113,0
0.353958,0.637091,0
0.322345,0.274538,0
0.522141,0.480063,0
0.565445,0.519908,0
0.252132,0.511739,0
0.438884,0.195418,0
0.431131,0.490074,0
0.390273,0.518077,0
0.533500,0.443746,0
0.441193,0.480325,0
0.221735,0.469382,0
0.418025,0.483356,0
0.446789,0.421847,0
0.449756,0.089238,0
0.523088,0.567365,0
0.310135,0.509272,0
0.446273,0.255032,0
0.366364,0.609740,0
0.605881,0.656052,0
0.594517,0.448613,0
0.439739,0.441126,0
0.263533,0.292399,0
0.548574,0.699926,0
0.405330,0.363342,0
0.383834,0.789242,0
0.253893,0.423224,0
0.585770,0.447527,0
0.591437,0.631678,0
0.303305,0.453014,0
0.198544,0.585975,0
0.316908,0.377049,0
0.474280,0.405428,0
0.397880,0.293484,0
0.344501,0.205166,0
0.291436,0.389016,0
0.721290,0.422710,0
0.650317,0.260129,0
0.443791,0.292870,0
0.520776,0.600277,0
0.318705,0.266359,0
0.275408,0.596865,0
0.642754,0.490000,0
0.370050,0.322959,0
0.634821,0.582289,0
0.487557,0.331888,0
0.483878,0.372531,0
0.464420,0.544535,0
0.293878,0.464958,0
0.385511,0.491881,0
0.271783,0.347540,0
0.426140,0.485618,0
0.332758,0.363633,0
0.390261,0.180718,0
0.360188,0.361415,0
0.570799,0.379063,0
0.343406,0.347871,0
0.272949,0.367027,0
0.541034,0.426841,0
0.433430,0.595422,0
0.313930,0.304517,0
0.445384,0.244043,0
0.606998,0.305052,0
0.520654,0.363102,0
0.429321,0.406857,0
0.378461,0.396689,0
0.502748,0.806220,0
0.418037,0.678020,0
0.486813,0.198378,0
0.614920,0.328859,0
0.335067,0.544742,0
0.542670,0.445026,0
0.514343,0.306556,0
0.351961,0.176522,0
0.358192,0.383240,0
0.337987,0.320620,0
0.377725,0.389777,0
0.345145,0.434149,0
0.367505,0.572365,0
0.489984,0.583651,0
0.522238,0.368999,0
0.422885,0.371387,0
0.624174,0.631706,0
0.566180,0.369178,0
0.614629,0.547060,0
0.492180,0.407153,0
0.471511,0.608272,0
0.392688,0.490605,0
0.103127,0.571047,0
0.509233,0.000000,0
0.526737,0.333730,0
0.530181,0.275155,0
0.459039,0.404430,0
0.436383,0.506688,0
0.608187,0.843981,0
0.440556,0.371235,0
0.305125,0.381832,0
0.338777,0.414829,0
0.317021,0.474877,0
0.498466,0.119349,0
0.494894,0.480847,0
0.298114,0.521775,0
0.247282,0.382427,0
0.351035,0.534889,0
0.251022,0.393667,0
0.327399,0.433330,0
0.421827,0.499955,0
0.702222,0.101674,0
0.407969,0.500718,0
0.517130,0.426949,0
0.412985,0.622158,0
0.421802,0.465706,0
0.173848,0.388246,0
0.508342,0.661258,0
0.308216,0.360741,0
0.449912,0.601626,0
0.135676,0.181356,0
0.243589,0.343385,0
0.482457,0.276187,0
0.452854,0.476889,0
0.398385,0.280820,0
0.585610,0.619608,0
0.257473,0.495627,0
0.252834,0.397823,0
0.618262,0.425480,0
0.492662,0.510216,0
0.408309,0.285507,0
0.453989,0.398450,0
0.511782,0.561996,0
0.351973,0.455309,0
0.278663,0.396452,0
0.481440,0.393494,0
0.576358,0.481150,0
0.441742,0.725998,0
0.344622,0.167588,0
0.262368,0.291210,0
0.382262,0.174288,0
0.503511,0.498182,0
0.389356,0.376676,0
0.486764,0.379803,0
0.598550,0.464902,0
0.457914,0.469204,0
0.503684,0.361802,0
0.431150,0.462289,0
0.361832,0.389869,0
0.315939,0.554180,0
0.362653,0.149248,0
0.527152,0.346391,0
0.314677,0.407945,0
0.422563,0.528620,0
0.583268,0.499212,0
0.589159,0.166882,0
0.363449,0.419019,0
0.387322,0.461881,0
0.300232,0.470724,0
0.526086,0.418644,0
0.505107,0.479332,0
0.455278,0.414368,0
0.422806,0.602329,0
0.425413,0.222523,0
0.508882,0.272687,0
0.290947,0.508878,0
0.609832,0.275035,0
0.421473,0.431782,0
0.382187,0.464078,0
0.480494,0.373376,0
0.471399,0.077415,0
0.225505,0.494967,0
0.365671,0.402106,0
0.582994,0.237196,0
0.580626,0.585366,0
0.448672,0.470222,0
0.207948,0.434911,0
0.601114,0.648618,0
0.455002,0.508801,0
0.166453,0.415430,0
0.344572,0.287660,0
0.425661,0.615517,0
0.412138,0.182417,0
0.465224,0.461135,0
0.323928,0.520624,0
0.415012,0.341725,0
0.439928,0.433781,0
0.660987,0.385764,0
0.447652,0.330020,0
0.649251,0.564655,0
0.495133,0.560323,0
0.285258,0.323664,0
0.520353,0.580542,0
0.642325,0.388350,0
0.448821,0.681425,0
0.354350,0.329432,0
0.398627,0.335972,0
0.671375,0.393117,0
0.629919,0.407542,0
0.360116,0.429261,0
0.289761,0.496613,0
0.407572,0.396699,0
0.528695,0.565933,0
0.598834,0.311637,0
0.459717,0.739475,0
0.341503,0.435950,0
0.273494,0.437257,0
0.533139,0.556918,0
0.637080,0.510780,0
0.475521,0.544411,0
0.746898,0.521792,0
0.538298,0.328821,0
0.462031,0.545612,0
0.452977,0.635031,0
0.461316,0.359424,0
0.630482,0.499171,0
0.394932,0.456461,0
0.222640,0.400703,0
0.397754,0.314450,0
0.671718,0.383069,0
0.390997,0.275701,0
0.635358,0.355704,0
0.077232,0.334351,0
0.524996,0.385122,0
0.437863,0.209387,0
0.541751,0.343105,0
0.328783,0.473605,0
0.367665,0.240594,0
0.647434,0.475911,0
0.636340,0.423135,0
0.498693,0.504088,0
0.475232,0.462057,0
0.456911,0.426569,0
0.383994,0.337323,0
0.212634,0.431192,0
0.389546,0.518983,0
0.321622,0.602075,0
0.398632,0.292861,0
0.360672,0.329577,0
0.500316,0.804713,0
0.556229,0.502428,0
0.486134,0.628635,0
0.363227,0.436989,0
0.600389,0.349895,0
0.485062,0.594576,0
0.339100,0.375652,0
0.328831,0.363012,0
0.428752,0.289849,0
0.385545,0.586889,0
0.405353,0.689411,0
0.505826,0.401486,0
0.413394,0.488952,0
0.587551,0.311277,0
0.569541,0.391461,0
0.456284,0.327882,0
0.529361,0.602778,0
0.480255,0.628719,0
0.431471,0.489403,0
0.365536,0.438038,0
0.466786,0.349216,0
0.300794,0.233363,0
0.448720,0.334691,0
0.358379,0.275710,0
0.573626,0.424621,0
0.505764,0.278225,0
0.476890,0.572847,0
0.416367,0.524778,0
0.422801,0.384494,0
0.547463,0.620400,0
0.155647,0.473125,0
0.372764,0.247463,0
0.459959,0.321971,0
0.392044,0.458880,0
0.584139,0.306148,0
0.637283,0.573362,0
0.608995,0.603464,0
0.412648,0.379063,0
0.339582,0.360746,0
0.597124,0.420841,0
0.349686,0.376550,0
0.472258,0.378294,0
0.441967,0.452690,0
0.368051,0.451678,0
0.293495,0.558946,0
0.514159,0.566780,0
0.650683,0.432449,0
0.556525,0.297378,0
0.240412,0.161517,0
0.316529,0.475478,0
0.679135,0.631018,0
0.526092,0.703244,0
0.631094,0.312907,0
0.484089,0.334616,0
0.568179,0.366171,0
0.460134,0.195065,0
0.327392,0.439323,0
0.434638,0.384370,0
0.464791,0.722321,0
0.379753,0.279371,0
0.343584,0.477403,0
0.456512,0.374709,0
0.428140,0.277830,0
0.434260,0.339310,0
0.230112,0.691337,0
0.376425,0.713082,0
0.423752,0.528249,0
0.431232,0.373109,0
0.223208,0.421748,0
0.265983,0.404254,0
0.347675,0.468798,0
0.418979,0.450206,0
0.273653,0.424154,0
0.458999,0.518380,0
0.276751,0.476446,0
0.485775,0.525216,0
0.581774,0.528863,0
0.348657,0.255997,0
0.479250,0.376164,0
0.505161,0.350615,0
0.338554,0.548005,0
0.601618,0.360682,0
0.402013,0.450634,0
0.446231,0.267831,0
0.451815,0.332765,0
0.710346,0.335437,0
0.438783,0.431857,0
0.486351,0.634174,0
0.475831,0.485464,0
0.648927,0.469965,0
0.232014,0.606999,0
0.659869,0.493171,0
0.542965,0.274071,0
0.553603,0.281612,0
0.522855,0.399082,0
0.464785,0.553306,0
0.387496,0.658960,0
0.515758,0.197194,0
0.576921,0.341695,0
0.205199,0.542928,0
0.419134,0.181497,0
0.515189,0.389878,0
0.335142,0.465988,0
0.149885,0.311331,0
0.248477,0.522686,0
0.395635,0.399932,0
0.428754,0.314174,0
0.533095,0.528440,0
0.549703,0.328075,0
0.288365,0.519955,0
0.323955,0.232833,0
0.283244,0.397444,0
0.693345,0.407631,0
0.364238,0.432883,0
0.364354,0.382230,0
0.195497,0.304029,0
0.560215,0.598904,0
0.435872,0.488630,0
0.403892,0.358814,0
0.321344,0.559406,0
0.339727,0.531163,0
0.521734,0.235251,0
0.311023,0.469888,0
0.422409,0.465994,0
0.493759,0.453079,0
0.445989,0.501944,0
0.410600,0.226654,0
0.646240,0.404471,0
0.567258,0.563040,0
0.649706,0.513196,0
0.706100,0.334395,0
0.229803,0.575705,0
0.473487,0.398151,0
0.264981,0.688446,0
0.261165,0.934365,0
0.484739,0.389127,0
0.294229,0.560886,0
0.388003,0.625877,0
0.632832,0.366966,0
0.339651,0.451460,0
0.454945,0.515361,0
0.124900,0.257391,0
0.147836,0.238743,0
0.428365,0.740646,0
0.400321,0.432244,0
0.408367,0.474283,0
0.326789,0.269665,0
0.469437,0.501364,0
0.612930,0.604645,0
0.532764,0.506832,0
0.604666,0.301613,0
0.499857,0.576493,0
0.285070,0.192394,0
0.608731,0.373467,0
0.415615,0.451321,0
0.535552,0.597836,0
0.551831,0.401286,0
0.504730,0.447580,0
0.472208,0.388924,0
0.459737,0.512323,0
0.289582,0.276064,0
0.646892,0.043847,0
0.430136,0.675121,0
0.536502,0.494906,0
0.367340,0.355210,0
0.582016,0.438544,0
0.449308,0.256197,0
0.378799,0.298966,0
0.735166,0.591102,0
0.506080,0.355427,0
0.524614,0.254802,0
0.348747,0.564863,0
0.301841,0.338018,0
0.626917,0.345553,0
0.271291,0.663733,0
0.386762,0.135848,0
0.666318,0.535107,0
0.426291,0.261579,0
0.220142,0.486568,0
0.420007,0.426143,0
0.448681,0.386216,0
0.646945,0.568600,0
0.478918,0.327771,0
0.428780,0.511146,0
0.576633,0.466284,0
0.518628,0.653043,0
0.440630,0.401696,0
0.416636,0.479871,0
0.455310,0.385334,0
0.665200,0.181567,0
0.326507,0.453289,0
0.444111,0.236667,0
0.541860,0.467197,0
0.612335,0.416591,0
0.382458,0.486592,0
0.415886,0.537311,0
0.390936,0.018154,0
0.374281,0.258734,0
0.582760,0.324426,0
0.425937,0.388090,0
0.335190,0.603435,0
