0.748528,0.727693,1
0.852503,0.642088,1
0.719464,0.672345,1
0.851192,0.742657,1
0.792248,0.835412,1
0.844116,0.829714,1
0.855699,0.789695,1
0.695908,0.720034,1
0.806550,0.775512,1
0.759232,0.719694,1
0.804789,0.821555,1
0.763365,0.855677,1
0.761172,0.829468,1
0.803844,0.795962,1
0.739206,0.662169,1
0.731448,0.829810,1
0.844621,0.665866,1
0.806099,0.791825,1
0.827501,0.787713,1
0.885125,0.779325,1
0.718826,0.756409,1
0.855764,0.748483,1
0.733870,0.790034,1
0.711643,0.765689,1
0.830108,0.775330,1
0.853801,0.798298,1
0.859684,0.723174,1
0.846488,0.841874,1
0.808438,0.781780,1
0.579288,0.760088,1
0.894079,0.752540,1
0.774079,0.767535,1
0.885327,0.802337,1
0.866415,0.844263,1
0.764980,0.782075,1
0.814757,0.764215,1
0.816391,0.781990,1
0.833167,0.766331,1
0.889881,0.725410,1
0.820420,0.775628,1
0.793456,0.798982,1
0.824106,0.867376,1
0.828699,0.858745,1
0.852706,0.754230,1
0.781376,0.762964,1
0.851962,0.827646,1
0.741523,0.728823,1
0.763831,0.824350,1
0.782402,0.676800,1
0.833470,0.751313,1
0.885504,0.739665,1
0.790282,0.747852,1
0.827928,0.785342,1
0.902227,0.607769,1
0.848662,0.880367,1
0.884358,0.717346,1
0.859120,0.740067,1
0.859702,0.741833,1
0.814180,0.739719,1
0.780691,0.652099,1
0.776136,0.875783,1
0.788633,0.736749,1
0.819836,0.781557,1
0.676404,0.775698,1
0.827256,0.839879,1
0.732543,0.756216,1
0.793087,0.743704,1
0.757997,0.749364,1
0.803193,0.781539,1
0.713317,0.806122,1
0.793788,0.719188,1
0.875992,0.734049,1
0.734615,0.881035,1
0.773578,0.658969,1
0.760593,0.795535,1
0.822586,0.774640,1
0.719093,0.677264,1
0.810878,0.906636,1
0.854646,0.820323,1
0.803661,0.836465,1
0.799742,0.822664,1
0.828530,0.661462,1
0.880990,0.730637,1
0.808553,0.842341,1
0.834160,0.662331,1
0.743280,0.793584,1
0.836081,0.849282,1
0.819577,0.710047,1
0.775730,0.655015,1
0.808571,0.791739,1
0.837594,0.818829,1
0.811842,0.698419,1
0.747282,0.685861,1
0.866956,0.736834,1
0.623799,0.765188,1
0.797741,0.783725,1
0.784304,0.636637,1
0.713569,0.817884,1
0.846270,0.724154,1
0.747786,0.722030,1
0.721722,0.727481,1
0.808428,0.822612,1
0.801094,0.734865,1
0.875983,0.883907,1
0.750154,0.799403,1
0.821510,0.748932,1
0.834948,0.781705,1
0.879346,0.677445,1
0.759697,0.729786,1
0.939133,0.776040,1
0.829334,0.740030,1
0.737292,0.828704,1
0.824634,0.773819,1
0.782222,0.807160,1
0.862617,0.826257,1
0.824181,0.826745,1
0.667475,0.813082,1
0.725283,0.693970,1
0.773685,0.679623,1
0.808148,0.761079,1
0.898538,0.771263,1
0.787984,0.659192,1
0.867292,0.714744,1
0.782054,0.835313,1
0.853465,0.830145,1
0.901622,0.793085,1
0.784693,0.692496,1
0.884469,0.785870,1
0.789618,0.817373,1
0.846920,0.663843,1
0.787776,0.832876,1
0.801123,0.699205,1
0.670337,0.810937,1
0.744185,0.830332,1
0.909779,0.761718,1
0.944451,0.815607,1
0.733143,0.723766,1
0.830726,0.832357,1
0.769924,0.763783,1
0.772789,0.730782,1
0.868378,0.873269,1
0.866836,0.733275,1
0.710387,0.826544,1
0.829243,0.803579,1
0.783150,0.707990,1
0.858705,0.855919,1
0.811094,0.748009,1
0.779603,0.667993,1
0.778484,0.726465,1
0.834167,0.819579,1
0.764963,0.811145,1
0.793979,0.751627,1
0.772459,0.892050,1
0.934930,0.760998,1
0.844753,0.771641,1
0.837163,0.764023,1
0.892962,0.926901,1
0.800412,0.897057,1
0.883664,0.876468,1
0.698672,0.783691,1
0.772641,0.786308,1
0.810408,0.858784,1
0.812178,0.721081,1
0.833814,0.803137,1
0.717338,0.701822,1
0.738016,0.664317,1
0.847465,0.655576,1
0.820052,0.803664,1
0.766300,0.630019,1
0.745609,0.726797,1
0.749294,0.787596,1
0.824931,0.792684,1
0.853336,0.759626,1
0.851310,0.737416,1
0.881235,0.663571,1
0.747496,0.793435,1
0.825223,0.891128,1
0.813081,0.796531,1
0.845352,0.860067,1
0.733754,0.725714,1
0.733006,0.783753,1
0.839455,0.776055,1
0.843766,0.737341,1
0.893824,0.782613,1
0.753256,0.809971,1
0.776473,0.814015,1
0.880486,0.842002,1
0.741428,0.714598,1
0.816408,0.844466,1
0.857057,0.760558,1
0.685789,0.724408,1
0.788235,0.838886,1
0.830959,0.671378,1
0.773265,0.818062,1
0.951807,0.700687,1
0.675221,0.698214,1
0.810384,0.838087,1
0.720167,0.686300,1
0.893799,0.730610,1
0.793831,0.747264,1
0.851213,0.772241,1
0.885978,0.783590,1
0.866060,0.799049,1
0.717244,0.779714,1
0.826731,0.691700,1
0.884095,0.756901,1
0.803620,0.777210,1
0.849341,0.633905,1
0.873258,0.815597,1
0.767520,0.775442,1
0.792201,0.735531,1
0.748785,0.789564,1
0.821061,0.720871,1
0.811056,0.814183,1
0.740009,0.742549,1
0.725190,0.677664,1
0.793511,0.700278,1
0.818980,0.782226,1
0.716335,0.770643,1
0.818114,0.840347,1
0.801868,0.672936,1
0.695027,0.800326,1
0.737957,0.761745,1
0.764811,0.756111,1
0.808353,0.913733,1
0.756893,0.774551,1
0.833613,0.806539,1
0.779757,0.689070,1
0.838423,0.648675,1
0.804975,0.786745,1
0.888650,0.833751,1
0.791154,0.908895,1
0.902506,0.759696,1
0.866943,0.664458,1
0.785044,0.904024,1
0.888637,0.766553,1
0.787383,0.721623,1
0.800256,0.756535,1
0.843513,0.565985,1
0.878408,0.780248,1
0.793062,0.775620,1
0.769326,0.819765,1
0.820111,0.742279,1
0.756405,0.749987,1
0.777687,0.775389,1
0.880314,0.903092,1
0.828865,0.907684,1
0.728561,0.732601,1
0.839217,0.674424,1
0.788627,0.791715,1
0.794505,0.712353,1
0.744537,0.705643,1
0.820938,0.799755,1
0.824331,0.828324,1
0.872671,0.737419,1
0.743231,0.786025,1
0.727667,0.764557,1
0.793528,0.752201,1
0.827841,0.827779,1
0.795804,0.793827,1
0.865133,0.702974,1
0.816390,0.670401,1
0.774073,0.701545,1
0.845435,0.654481,1
0.798971,0.778575,1
0.767045,0.618138,1
0.770960,0.666692,1
0.858147,0.825893,1
0.721356,0.753647,1
0.872698,0.640694,1
0.939693,0.776670,1
0.876829,0.684179,1
0.798603,0.834070,1
0.766140,0.799494,1
0.825068,0.715347,1
0.851217,0.769802,1
0.861973,0.674034,1
0.795695,0.832383,1
0.785530,0.955201,1
0.846350,0.833259,1
0.842556,0.798670,1
0.785807,0.678802,1
0.754229,0.767695,1
0.935412,0.713247,1
0.805261,0.850115,1
0.999340,0.845087,1
0.832972,0.807371,1
0.852555,0.884327,1
0.793096,0.742285,1
0.777786,0.633479,1
0.811056,0.839887,1
0.830213,0.800728,1
0.772319,0.778401,1
0.902648,0.850291,1
0.813441,0.777414,1
0.842125,0.845031,1
0.854916,0.738891,1
0.815431,0.718195,1
0.830803,0.709372,1
0.852944,0.663664,1
0.771318,0.786900,1
0.849578,0.676862,1
0.739121,0.665080,1
0.795646,0.675770,1
0.813169,0.784283,1
0.726645,0.816964,1
0.762683,0.742003,1
0.888976,0.709254,1
0.776284,0.703232,1
0.792787,0.779801,1
0.843325,0.705693,1
0.837184,0.752228,1
0.841592,0.841731,1
0.751493,0.726825,1
0.656308,0.794415,1
0.806840,0.694374,1
0.764657,0.795860,1
0.773624,0.747633,1
0.839070,0.764910,1
0.703854,0.820993,1
0.708728,0.772549,1
0.787163,0.739011,1
0.779872,0.739222,1
0.912393,0.742081,1
0.810225,0.794035,1
0.861193,0.887088,1
0.804029,0.704483,1
0.793685,0.719348,1
0.813775,0.867813,1
0.824802,0.803452,1
0.790544,0.768694,1
0.828889,0.848320,1
0.756573,0.710479,1
0.867360,0.880660,1
0.721181,0.686481,1
0.847075,0.723836,1
0.866488,0.789145,1
0.915951,0.869993,1
0.702110,0.751538,1
0.878629,0.661408,1
0.955168,0.651811,1
0.884598,0.715500,1
0.738724,0.742738,1
0.900754,0.874276,1
0.765043,0.815548,1
0.919559,0.604300,1
0.845326,0.769601,1
0.728496,0.687696,1
0.789274,0.807815,1
0.828744,0.661519,1
0.828817,0.724571,1
0.771840,0.777211,1
0.844125,0.739040,1
0.794844,0.860578,1
0.797627,0.808076,1
0.736711,0.858981,1
0.858724,0.687411,1
0.792546,0.802538,1
0.825054,0.861852,1
0.887468,0.751329,1
0.742251,0.744662,1
0.901531,0.859040,1
0.857318,0.821911,1
0.692696,0.981704,1
0.779794,0.729713,1
0.854832,0.738623,1
0.859114,0.778373,1
0.726222,0.804084,1
0.803031,0.767416,1
0.875094,0.805002,1
0.902231,0.743984,1
0.802747,0.713637,1
0.811025,0.823382,1
0.680780,0.703688,1
0.852552,0.732595,1
0.823406,0.856765,1
0.764543,0.717286,1
0.824749,0.816693,1
0.840140,0.830340,1
0.765880,0.720723,1
0.849682,0.750890,1
0.799835,0.697114,1
0.734940,0.765065,1
0.766986,0.816245,1
0.769519,0.766084,1
0.742759,0.749691,1
0.759527,0.834793,1
0.873537,0.751196,1
0.679825,0.710050,1
0.843614,0.739306,1
0.853139,0.724386,1
0.743291,0.609221,1
0.953904,0.763723,1
0.842449,0.755399,1
0.744475,0.849340,1
0.814292,0.690881,1
0.783364,0.791823,1
0.792440,0.823634,1
0.714321,0.841100,1
0.863568,0.760591,1
0.715588,0.806353,1
0.822861,0.719234,1
0.868625,0.737505,1
0.742705,0.678288,1
0.825950,0.728387,1
0.776024,0.802896,1
0.755957,0.879334,1
0.884375,0.759321,1
0.740633,0.591569,1
0.880247,0.865792,1
0.802821,0.872422,1
0.856883,0.874433,1
0.723948,0.691576,1
0.701165,0.750341,1
0.777538,0.729523,1
0.750799,0.866274,1
0.919523,0.881155,1
0.859054,0.745021,1
0.820651,0.783900,1
0.814582,0.750727,1
0.848402,0.690235,1
0.855188,0.697803,1
0.841442,0.752998,1
0.800232,0.834261,1
0.834515,0.731582,1
0.696991,0.705923,1
0.784682,0.797083,1
0.876775,0.773044,1
0.754420,0.891226,1
0.841435,0.788782,1
0.727164,0.783930,1
0.837229,0.710033,1
0.830422,0.795432,1
0.841425,0.860358,1
0.838894,0.780636,1
0.742236,0.696572,1
0.747891,0.776961,1
0.915397,0.707132,1
0.924699,0.857402,1
0.777763,0.749206,1
0.819990,0.789959,1
0.864902,0.763139,1
0.785144,0.763218,1
0.726052,0.750245,1
0.792609,0.776398,1
0.792902,0.814666,1
0.815712,0.820232,1
0.839712,0.740509,1
0.826591,0.674664,1
0.864217,0.842098,1
0.807855,0.779822,1
0.920017,0.761197,1
0.769878,0.861927,1
0.757921,0.661491,1
0.829093,0.645574,1
0.885213,0.866574,1
0.816636,0.708758,1
0.858205,0.757259,1
0.845843,0.825348,1
0.669650,0.652195,1
0.744977,0.759344,1
0.751374,0.693275,1
0.859359,0.893418,1
0.843676,0.689208,1
0.747542,0.800064,1
0.682651,0.681016,1
0.849468,0.915491,1
0.809615,0.842421,1
0.721429,0.867178,1
0.783980,0.839477,1
0.829142,0.817273,1
0.765565,0.792152,1
0.715923,0.797793,1
0.824577,0.622524,1
0.782301,0.781596,1
0.852447,0.814609,1
0.829278,0.691718,1
0.881559,0.769795,1
0.764172,0.743069,1
0.813240,0.751399,1
0.806825,0.747341,1
0.875319,0.693193,1
0.674352,0.728983,1
0.826528,0.790235,1
0.766816,0.698380,1
0.828969,0.780210,1
0.816418,0.801247,1
0.829372,0.763426,1
0.772746,0.725292,1
0.834974,0.788681,1
0.811330,0.732636,1
0.831123,0.728560,1
0.750369,0.733186,1
0.850739,0.813193,1
0.893745,0.773422,1
0.837761,0.724496,1
0.821016,0.729057,1
0.855311,0.669495,1
0.866643,0.779073,1
0.858237,0.862010,1
0.848412,0.759603,1
0.786805,0.712144,1
0.863033,0.882516,1
0.698731,0.873599,1
0.805823,0.752345,1
0.788710,0.802738,1
0.718722,0.972336,1
0.845889,0.816691,1
0.804014,0.704914,1
0.815190,0.733201,1
0.920964,0.701364,1
0.791484,0.758433,1
0.729532,0.830002,1
0.702572,0.809377,1
0.823649,0.725196,1
0.804473,0.801181,1
0.886535,0.887468,1
0.741156,0.638182,1
0.957267,0.640321,1
0.847434,0.742532,1
0.773615,0.814432,1
0.757559,0.767835,1
0.802419,0.663307,1
0.855704,0.690091,1
0.915621,0.668989,1
0.897692,0.773966,1
0.861860,0.785726,1
0.891482,0.816770,1
0.872090,0.744313,1
0.836140,0.796063,1
0.798805,0.727706,1
0.875501,0.705608,1
0.777520,0.852719,1
0.769124,0.756686,1
0.748503,0.909139,1
0.810384,0.758290,1
0.730532,0.686707,1
0.836245,0.868461,1
0.858862,0.814308,1
0.802288,0.730193,1
0.789948,0.764078,1
0.821009,0.727199,1
0.795248,0.754824,1
0.730857,0.649734,1
0.833206,0.797723,1
0.743285,0.789509,1
0.811512,0.838476,1
0.796275,0.759495,1
0.853895,0.711248,1
0.802975,0.724786,1
0.684324,0.706143,1
0.823583,0.714783,1
0.710810,0.767350,1
0.893367,0.699983,1
0.843987,0.700173,1
0.756665,0.799853,1
0.839350,0.715322,1
0.854464,0.659050,1
0.755635,0.898316,1
0.786489,0.724340,1
0.789327,0.725533,1
0.834092,0.828521,1
0.818509,0.793782,1
0.815637,0.879300,1
0.809630,0.761877,1
0.836045,0.817142,1
0.855061,0.700034,1
0.805968,0.837960,1
0.869088,0.751014,1
0.869912,0.787625,1
0.902171,0.745644,1
0.853196,0.857922,1
0.763411,0.818419,1
0.777052,0.834159,1
0.741796,0.793332,1
0.782365,0.743411,1
0.785215,0.813779,1
0.748982,0.680620,1
0.754546,0.653319,1
0.746772,0.755860,1
0.795061,0.875614,1
0.725486,0.685332,1
0.769331,0.732378,1
0.840961,0.772403,1
0.717497,0.751836,1
0.730826,0.716966,1
0.796881,0.767366,1
0.917900,0.803993,1
0.911818,0.816751,1
0.827767,0.723341,1
0.750431,0.747378,1
0.832441,0.764207,1
0.822658,0.798588,1
0.746299,0.711102,1
0.795150,0.777925,1
0.813197,0.725790,1
0.848501,0.753494,1
0.843280,0.800069,1
0.825030,0.731937,1
0.763226,0.786807,1
0.804174,0.748108,1
0.814339,0.782710,1
0.819806,0.706779,1
0.896229,0.853904,1
0.804234,0.858506,1
0.767779,0.801420,1
0.762252,0.752085,1
0.743640,0.745571,1
0.740707,0.783368,1
0.803155,0.666083,1
0.798930,0.743540,1
0.693926,0.842051,1
0.747571,0.794610,1
0.779492,0.804107,1
0.760842,0.784216,1
0.848484,0.828367,1
0.722310,0.830820,1
0.742605,0.867161,1
0.892249,0.791413,1
0.768524,0.723345,1
0.843791,0.804188,1
0.788844,0.630920,1
0.719745,0.856715,1
0.746924,0.778524,1
0.755010,0.850078,1
0.820445,0.735405,1
0.699317,0.661082,1
0.864796,0.754260,1
0.743957,0.720648,1
0.711783,0.793745,1
0.753999,0.858164,1
0.778942,0.755124,1
0.857710,0.828982,1
0.871699,0.789224,1
0.782168,0.778374,1
0.867345,0.783292,1
0.894669,0.817147,1
0.899037,0.642621,1
0.726373,0.804266,1
0.851998,0.922712,1
0.761344,0.785944,1
0.689218,0.831873,1
0.838242,0.656167,1
0.872498,0.703789,1
0.784900,0.673963,1
0.883509,0.755575,1
0.746181,0.776311,1
0.781988,0.748595,1
0.739273,0.701409,1
0.790271,0.676701,1
0.799223,0.750183,1
0.829753,0.806056,1
0.765887,0.852250,1
0.752032,0.757699,1
0.866001,0.722899,1
0.817080,0.639950,1
0.905751,0.746458,1
0.720832,0.716202,1
0.839157,0.787244,1
0.720781,0.653471,1
0.782655,0.810325,1
0.839258,0.721065,1
0.748752,0.740802,1
0.849425,0.764469,1
0.809626,0.798014,1
0.844203,0.743920,1
0.849606,0.858713,1
0.746572,0.832498,1
0.819988,0.658181,1
0.876049,0.791429,1
0.847480,0.777633,1
0.656793,0.806126,1
0.705320,0.706396,1
0.705999,0.722777,1
0.802849,0.742764,1
0.857704,0.834819,1
0.841647,0.840551,1
0.892411,0.932637,1
0.755335,0.722608,1
0.725602,0.737852,1
0.713152,0.796466,1
0.842404,0.737281,1
0.910730,0.808067,1
0.739065,0.647918,1
0.872004,0.773246,1
0.812965,0.726546,1
0.831084,0.831722,1
0.820978,0.769056,1
0.826045,0.791787,1
0.843820,0.750624,1
0.897211,0.826740,1
0.839071,0.726148,1
0.694159,0.805140,1
0.875115,0.686613,1
0.808127,0.712585,1
0.826546,0.741708,1
0.803007,0.647108,1
0.792368,0.699681,1
0.886786,0.759577,1
0.808103,0.776377,1
0.699794,0.765035,1
0.787690,0.650774,1
0.719684,0.640214,1
0.778481,0.801507,1
0.697725,0.732607,1
0.868324,0.841141,1
0.715397,0.727873,1
0.850934,0.829086,1
0.856248,0.823990,1
0.812318,0.775036,1
0.804304,0.808097,1
0.776320,0.734878,1
0.829384,0.791739,1
0.827146,0.843539,1
0.814148,0.823355,1
0.794312,0.855669,1
0.712956,0.864682,1
0.804667,0.683256,1
0.829546,0.693757,1
0.770608,0.771331,1
0.865812,0.729206,1
0.909163,0.740330,1
0.829351,0.762007,1
0.862487,0.919685,1
0.772479,0.875046,1
0.857457,0.872688,1
0.835228,0.762991,1
0.829734,0.812085,1
0.813959,0.685926,1
0.860548,0.788007,1
0.817318,0.787197,1
0.715682,0.784507,1
0.810289,0.831865,1
0.755123,0.741096,1
0.758873,0.817162,1
0.830976,0.642259,1
0.770380,0.731752,1
0.742872,0.804067,1
0.759542,0.786513,1
0.776407,0.757704,1
0.819507,0.787713,1
0.766732,0.784747,1
0.797605,0.752155,1
0.756685,0.769621,1
0.785723,0.746647,1
0.710619,0.748154,1
0.877309,0.836486,1
0.776778,0.818075,1
0.667675,0.830321,1
0.787762,0.693794,1
0.782448,0.681244,1
0.770879,0.768160,1
0.816818,0.819693,1
0.812576,0.727449,1
0.932237,0.786971,1
0.946124,0.799308,1
0.774769,0.742002,1
0.790753,0.875364,1
0.810465,0.755434,1
0.936029,0.741270,1
0.765914,0.867895,1
0.794761,0.775753,1
0.892284,0.805077,1
0.712581,0.839242,1
0.738942,0.635289,1
0.834493,0.827119,1
0.787379,0.659876,1
0.771619,0.695554,1
0.848070,0.769762,1
0.784294,0.626748,1
0.775485,0.793968,1
0.805916,0.632415,1
0.797371,0.785283,1
0.802990,0.710365,1
0.900906,0.742680,1
0.839912,0.714612,1
0.766921,0.788832,1
0.783790,1.000000,1
0.725699,0.811921,1
0.722927,0.696312,1
0.779917,0.689028,1
0.772757,0.743078,1
0.714429,0.776578,1
0.886518,0.795719,1
0.875151,0.675123,1
0.896055,0.765319,1
0.708067,0.739085,1
0.969009,0.725127,1
0.815102,0.786045,1
0.676572,0.744473,1
0.733844,0.681533,1
0.840352,0.745693,1
0.705978,0.770497,1
0.845266,0.759290,1
0.799446,0.734757,1
0.821483,0.831074,1
0.862251,0.906046,1
0.748764,0.724607,1
0.916363,0.836005,1
0.793528,0.763868,1
0.849923,0.725697,1
0.780386,0.656957,1
0.825317,0.734760,1
0.727012,0.952401,1
0.774774,0.737901,1
0.775090,0.757462,1
0.756222,0.807195,1
0.781810,0.816118,1
0.743356,0.856916,1
0.824860,0.814029,1
0.803076,0.925307,1
0.838324,0.727127,1
0.938259,0.719224,1
0.718512,0.675997,1
0.812483,0.816302,1
0.900745,0.769855,1
0.797138,0.815567,1
0.773697,0.740862,1
0.769843,0.764935,1
0.661943,0.647206,1
0.767338,0.875826,1
0.875587,0.772776,1
0.829540,0.693001,1
0.713188,0.692798,1
0.688379,0.737884,1
0.834597,0.736686,1
0.834515,0.666812,1
0.838745,0.737734,1
0.853662,0.705613,1
0.804181,0.809000,1
0.789596,0.734017,1
0.694710,0.821848,1
0.805859,0.772578,1
0.745201,0.801453,1
0.895543,0.765620,1
0.686358,0.746151,1
0.792186,0.707442,1
0.721327,0.728785,1
0.798122,0.719677,1
0.727037,0.790949,1
0.772820,0.679852,1
0.779068,0.693609,1
0.777410,0.775712,1
0.777118,0.839633,1
0.878249,0.776975,1
0.798421,0.843550,1
0.791042,0.703240,1
0.764680,0.782694,1
0.789183,0.920814,1
0.737557,0.767326,1
0.734680,0.768506,1
0.723624,0.832235,1
0.806837,0.688788,1
0.766083,0.850844,1
0.839720,0.771653,1
0.725847,0.718024,1
0.912447,0.840811,1
0.825360,0.836558,1
0.858976,0.797320,1
0.755327,0.718878,1
0.696318,0.798137,1
0.758997,0.722058,1
0.855052,0.798946,1
0.848849,0.715969,1
0.982104,0.747496,1
0.829802,0.831931,1
0.801620,0.736867,1
0.901046,0.784270,1
0.766854,0.872020,1
0.849807,0.676324,1
0.808879,0.781292,1
0.733160,0.747612,1
0.784023,0.741578,1
0.749734,0.923604,1
0.797688,0.768715,1
0.692954,0.743445,1
0.773364,0.750361,1
0.872977,0.765218,1
0.825249,0.848452,1
0.864692,0.681798,1
0.872275,0.846093,1
0.770998,0.802049,1
0.738466,0.768172,1
0.746539,0.822819,1
0.898312,0.885197,1
0.690676,0.803869,1
0.822172,0.680867,1
0.857162,0.711309,1
0.838527,0.692054,1
0.802710,0.752172,1
0.855068,0.831756,1
0.909738,0.756632,1
0.817746,0.652743,1
0.784360,0.817450,1
0.794817,0.729224,1
0.882571,0.897306,1
0.901137,0.852035,1
0.843826,0.818306,1
0.739511,0.816885,1
0.911898,0.756188,1
0.876057,0.682396,1
0.770227,0.851693,1
0.851010,0.824756,1
0.719025,0.767642,1
0.885538,0.699779,1
0.830531,0.851213,1
0.726784,0.751787,1
0.852876,0.822937,1
0.818203,0.718090,1
0.841541,0.657330,1
0.700336,0.800662,1
0.817229,0.846804,1
0.804753,0.666654,1
0.909872,0.749675,1
0.801863,0.652821,1
0.763851,0.726244,1
0.774122,0.714471,1
0.805713,0.719628,1
0.886139,0.813248,1
0.781906,0.693372,1
0.735450,0.858477,1
0.784355,0.697666,1
0.740747,0.767230,1
0.853238,0.791094,1
0.873817,0.710676,1
0.798658,0.766316,1
0.799351,0.737861,1
0.725492,0.841075,1
0.764468,0.804267,1
0.800804,0.887698,1
0.855215,0.721829,1
0.904971,0.659363,1
0.802022,0.684284,1
0.801224,0.861503,1
0.872852,0.714407,1
0.902835,0.765400,1
0.764115,0.760101,1
0.705303,0.773463,1
0.794880,0.725790,1
0.822251,0.788534,1
0.749185,0.699298,1
0.811556,0.819735,1
0.843824,0.750401,1
0.744924,0.747767,1
0.884027,0.703539,1
0.768009,0.768223,1
0.828357,0.827782,1
0.648799,0.697777,1
0.817612,0.770738,1
0.789164,0.745032,1
0.751570,0.629750,1
0.707056,0.807246,1
0.762747,0.798557,1
0.810375,0.731624,1
0.811780,0.791353,1
0.711038,0.812897,1
0.831604,0.721783,1
0.778080,0.645740,1
0.790581,0.797186,1
0.718874,0.702291,1
0.765128,0.622102,1
0.844424,0.782924,1
0.788310,0.707375,1
0.850766,0.767555,1
0.796492,0.673077,1
0.820052,0.689088,1
0.810697,0.781358,1
0.781561,0.668928,1
0.932787,0.820106,1
0.772881,0.659891,1
0.841330,0.810344,1
0.817216,0.790522,1
0.893043,0.760092,1
0.837287,0.687343,1
0.803005,0.782713,1
0.849694,0.796972,1
0.742264,0.856819,1
0.809080,0.857880,1
0.760903,0.757879,1
0.789577,0.854549,1
0.886535,0.681222,1
0.841689,0.639908,1
0.743432,0.727769,1
0.770091,0.762573,1
0.880177,0.778101,1
0.784646,0.774747,1
0.784091,0.772958,1
0.730219,0.795862,1
0.794604,0.758569,1
0.936390,0.745703,1
0.742784,0.756388,1
0.752980,0.741740,1
0.804250,0.717530,1
0.760475,0.772191,1
0.762515,0.723999,1
0.865077,0.870814,1
0.742440,0.668493,1
0.875882,0.757995,1
0.738198,0.797422,1
0.853521,0.772851,1
0.826000,0.812775,1
0.702053,0.847855,1
0.921133,0.733310,1
0.803344,0.627624,1
0.746188,0.662508,1
0.711186,0.822222,1
0.838656,0.613864,1
0.886697,0.676494,1
0.807496,0.748519,1
0.663452,0.771367,1
0.816825,0.744801,1
0.698815,0.746825,1
0.883768,0.881485,1
0.881110,0.717163,1
0.859645,0.800825,1
0.802517,0.797463,1
0.745781,0.803592,1
0.734381,0.776750,1
0.918919,0.652847,1
0.820057,0.692799,1
0.763666,0.859351,1
0.919035,0.810520,1
0.858580,0.700790,1
0.840674,0.732724,1
0.866829,0.738488,1
0.755101,0.780515,1
0.805664,0.895652,1
0.737939,0.738169,1
0.695027,0.768486,1
0.814949,0.781122,1
0.761206,0.632205,1
0.799434,0.721625,1
0.909851,0.721494,1
0.834801,0.716042,1
0.766023,0.734609,1
0.788548,0.788910,1
0.802991,0.769976,1
0.670979,0.744505,1
0.840121,0.704916,1
0.709587,0.852436,1
0.707337,0.685014,1
0.847512,0.677649,1
0.852323,0.777363,1
0.771417,0.791464,1
0.834144,0.699118,1
0.814566,0.858444,1
0.770732,0.830870,1
0.788017,0.792889,1
0.801549,0.764975,1
0.836962,0.728264,1
0.873256,0.770624,1
0.755544,0.772705,1
0.831333,0.745275,1
0.826365,0.599901,1
0.765637,0.735637,1
0.781714,0.827038,1
0.736168,0.824326,1
0.853729,0.864347,1
0.858171,0.860686,1
0.750658,0.722846,1
0.736917,0.831117,1
0.753755,0.694900,1
0.884472,0.834091,1
0.887111,0.817247,1
0.779676,0.760792,1
0.837624,0.829076,1
0.861307,0.767185,1
0.785215,0.709723,1
0.770231,0.731914,1
0.824792,0.706947,1
0.802002,0.757862,1
0.787106,0.735916,1
0.833071,0.801747,1
0.739739,0.780108,1
0.825894,0.738086,1
0.871242,0.712819,1
0.809079,0.668584,1
0.784655,0.764685,1
0.838884,0.688963,1
0.859322,0.812059,1
0.676128,0.674645,1
0.861111,0.733545,1
0.754371,0.769367,1
0.785939,0.870237,1
0.874637,0.778660,1
0.749412,0.812958,1
0.715643,0.688076,1
0.749298,0.723989,1
0.793423,0.730606,1
0.832224,0.648123,1
0.773460,0.670270,1
0.781778,0.759650,1
0.902252,0.741628,1
0.848842,0.805939,1
0.717072,0.675849,1
0.759491,0.802422,1
0.761873,0.831721,1
0.832124,0.728175,1
0.882973,0.759228,1
0.840774,0.755896,1
0.769304,0.741200,1
0.857262,0.765479,1
0.891710,0.766314,1
0.722417,0.841283,1
0.857560,0.820118,1
0.733400,0.743230,1
0.851560,0.762725,1
0.792122,0.760788,1
0.763350,0.824132,1
0.823880,0.833245,1
0.710203,0.759318,1
0.954487,0.738750,1
0.704111,0.728046,1
0.649689,0.809532,1
0.801327,0.658615,1
0.771823,0.755765,1
0.836909,0.691732,1
0.861694,0.727672,1
0.794349,0.620999,1
0.832309,0.640489,1
0.836409,0.771671,1
0.717004,0.723197,1
0.780954,0.838167,1
0.835056,0.791570,1
0.772404,0.863309,1
0.764146,0.825448,1
0.719001,0.767811,1
0.706937,0.750819,1
0.795779,0.789144,1
0.765397,0.761670,1
0.874224,0.734189,1
0.841347,0.714578,1
0.830238,0.755288,1
0.746742,0.604040,1
0.934683,0.829302,1
0.815475,0.760751,1
0.911461,0.686261,1
0.704183,0.847960,1
0.862872,0.850908,1
0.785298,0.741581,1
0.814969,0.662039,1
0.769281,0.756930,1
0.771335,0.802040,1
0.868575,0.763587,1
0.921888,0.825958,1
0.774757,0.721629,1
0.807433,0.711643,1
0.653833,0.918275,1
0.771755,0.830688,1
0.768995,0.797562,1
0.769442,0.748745,1
0.855193,0.809470,1
0.804380,0.620523,1
0.759631,0.815475,1
0.804626,0.714620,1
0.801540,0.751965,1
0.875698,0.734311,1
0.799434,0.806282,1
0.832730,0.781346,1
0.832963,0.825087,1
0.834037,0.767656,1
0.903372,0.808683,1
0.779773,0.798339,1
0.710780,0.751488,1
0.764735,0.814140,1
0.791887,0.684550,1
0.832370,0.834867,1
0.839222,0.720352,1
0.726342,0.838903,1
0.833120,0.743242,1
0.866469,0.777846,1
0.917707,0.720803,1
0.810858,0.828105,1
0.972500,0.719048,1
0.710837,0.785531,1
0.820990,0.726718,1
0.975439,0.787016,1
0.836802,0.808403,1
0.847905,0.823524,1
0.771130,0.829714,1
0.800409,0.820609,1
0.702945,0.691721,1
0.842768,0.783037,1
0.778046,0.793453,1
0.785067,0.713495,1
0.901453,0.765741,1
0.729683,0.636527,1
0.745143,0.835769,1
0.722062,0.829620,1
0.754774,0.749501,1
0.703187,0.760661,1
0.824258,0.712555,1
0.871188,0.745649,1
0.829735,0.786708,1
0.870384,0.922869,1
0.773786,0.851063,1
0.908836,0.779101,1
0.826097,0.618641,1
0.622924,0.765080,1
0.820865,0.805328,1
0.853975,0.816007,1
0.780809,0.771790,1
0.842422,0.730244,1
0.742990,0.705847,1
0.878302,0.772653,1
0.765216,0.664449,1
0.834113,0.819678,1
0.871248,0.837890,1
0.827410,0.791307,1
0.783969,0.746110,1
0.768421,0.773439,1
0.736550,0.737003,1
0.883826,0.843157,1
0.876539,0.810793,1
0.753910,0.736229,1
0.865064,0.787833,1
0.862036,0.737917,1
0.785348,0.832963,1
0.831566,0.710197,1
0.768521,0.771916,1
0.868363,0.779917,1
0.780742,0.697819,1
0.830092,0.683278,1
0.937657,0.712589,1
0.824904,0.820365,1
0.716574,0.696509,1
0.770783,0.839129,1
0.868780,0.619892,1
0.825027,0.715120,1
0.717825,0.860706,1
0.738069,0.685505,1
0.932337,0.755240,1
0.901816,0.647679,1
0.987928,0.822995,1
0.789678,0.688901,1
0.737641,0.777624,1
0.846759,0.777882,1
0.900544,0.682368,1
0.780109,0.790003,1
0.826120,0.704138,1
0.788697,0.824424,1
0.784817,0.756703,1
0.744390,0.707528,1
0.886264,0.752659,1
0.890483,0.783363,1
0.801317,0.883308,1
0.836938,0.733351,1
0.789731,0.761684,1
0.842442,0.861079,1
0.750019,0.713183,1
0.823749,0.654971,1
0.862476,0.676347,1
0.743049,0.866596,1
0.673033,0.823972,1
0.846176,0.779203,1
0.853821,0.726467,1
0.816716,0.784523,1
0.727525,0.768058,1
0.816789,0.901831,1
0.827182,0.607855,1
0.829138,0.762999,1
0.791045,0.829271,1
0.785308,0.789939,1
0.747779,0.694502,1
0.699172,0.608281,1
0.888528,0.741604,1
0.854766,0.784360,1
0.834340,0.759819,1
0.831765,0.678280,1
0.819274,0.882558,1
0.720152,0.756646,1
0.861881,0.707007,1
0.808687,0.805608,1
0.870602,0.740215,1
0.868601,0.794879,1
0.792027,0.679570,1
0.716577,0.802246,1
0.709525,0.849618,1
0.869734,0.744724,1
0.776843,0.793106,1
0.920625,0.700733,1
0.794266,0.775414,1
0.763459,0.743638,1
0.832668,0.803186,1
0.884422,0.883013,1
0.786692,0.872182,1
0.751114,0.598156,1
0.683727,0.780346,1
0.931835,0.736397,1
0.823504,0.784961,1
0.726611,0.892417,1
0.783199,0.782891,1
0.718382,0.693122,1
0.645479,0.681571,1
0.793699,0.635957,1
0.859887,0.834083,1
0.732973,0.717270,1
0.749751,0.815735,1
0.795570,0.674679,1
0.795307,0.761346,1
0.747668,0.648946,1
0.726749,0.758486,1
0.885161,0.791886,1
0.760757,0.749977,1
0.854183,0.774613,1
0.817306,0.676054,1
0.835296,0.762724,1
0.828678,0.717904,1
0.819563,0.776369,1
0.853414,0.651081,1
0.762555,0.783199,1
0.797425,0.774034,1
0.794406,0.901168,1
0.833714,0.733054,1
0.890958,0.686188,1
0.867761,0.850981,1
0.691361,0.738687,1
0.864617,0.840419,1
0.825727,0.771117,1
0.812593,0.710265,1
0.769431,0.739502,1
0.730584,0.906610,1
0.767369,0.801289,1
0.886001,0.792705,1
0.831082,0.717358,1
0.894136,0.687777,1
0.826832,0.751272,1
0.875245,0.784943,1
0.741580,0.728718,1
0.799095,0.756069,1
0.726134,0.754976,1
0.758688,0.766404,1
0.849154,0.784184,1
0.709095,0.684624,1
0.887591,0.728893,1
0.795069,0.761898,1
0.873080,0.747528,1
0.833319,0.884773,1
0.767699,0.770890,1
0.892452,0.769009,1
0.795393,0.855925,1
0.786337,0.697171,1
0.750991,0.705032,1
0.691968,0.790911,1
0.902044,0.757717,1
0.753448,0.647658,1
0.729112,0.854417,1
0.804004,0.819815,1
0.806580,0.663648,1
0.809174,0.798766,1
0.874487,0.911588,1
0.777401,0.817260,1
0.848240,0.717790,1
0.870751,0.698736,1
0.843286,0.763657,1
0.673110,0.911572,1
0.788130,0.665953,1
0.823272,0.809854,1
0.834760,0.922971,1
0.837185,0.840974,1
0.802296,0.867339,1
0.784870,0.727445,1
0.723549,0.696862,1
0.876047,0.708347,1
0.838396,0.821576,1
0.806675,0.769648,1
0.960193,0.709498,1
0.881468,0.737247,1
0.794903,0.871413,1
0.770779,0.680519,1
0.829075,0.833256,1
0.834360,0.775513,1
0.761650,0.768159,1
0.824110,0.685069,1
0.860383,0.795813,1
0.877946,0.800757,1
0.858240,0.698492,1
0.794338,0.817731,1
0.867607,0.612821,1
0.753126,0.796068,1
0.822029,0.656200,1
0.704708,0.838989,1
0.710752,0.800774,1
0.844357,0.806854,1
0.868246,0.687496,1
0.851821,0.808442,1
0.945743,0.805462,1
0.860947,0.788694,1
0.772679,0.713587,1
0.828991,0.786534,1
0.738647,0.683593,1
0.753405,0.816837,1
0.775943,0.846619,1
0.899489,0.759194,1
0.836538,0.805467,1
0.856662,0.910186,1
0.905326,0.685651,1
0.695378,0.797413,1
0.907307,0.804421,1
0.730733,0.758807,1
0.673699,0.815109,1
0.696206,0.806883,1
0.689730,0.763573,1
0.868550,0.768513,1
0.893036,0.639283,1
0.823684,0.787098,1
0.885178,0.789223,1
0.774303,0.884182,1
0.798128,0.747320,1
0.638588,0.757788,1
0.774697,0.763201,1
0.728819,0.672549,1
0.848598,0.847387,1
0.758534,0.661584,1
0.814476,0.821673,1
0.691585,0.745768,1
0.883235,0.856984,1
0.835534,0.772356,1
0.779697,0.778382,1
0.824486,0.799227,1
0.868904,0.622628,1
0.853666,0.778277,1
0.806250,0.852780,1
0.762669,0.746611,1
0.835177,0.729391,1
0.798552,0.784631,1
0.865786,0.835507,1
0.754989,0.721402,1
0.844554,0.759633,1
0.758795,0.756720,1
0.817060,0.810720,1
0.769396,0.814320,1
0.792163,0.678834,1
0.793471,0.774346,1
0.882358,0.809499,1
0.782679,0.900442,1
0.754731,0.751249,1
0.840799,0.701685,1
0.820443,0.693086,1
0.808772,0.758388,1
0.726018,0.633877,1
0.871791,0.706356,1
0.814268,0.747305,1
0.925945,0.699923,1
0.861935,0.751532,1
0.750601,0.761888,1
0.715565,0.802338,1
0.749142,0.741094,1
0.853733,0.583190,1
0.853259,0.849983,1
0.790722,0.717440,1
0.784687,0.813058,1
0.798937,0.844031,1
0.819844,0.730069,1
0.733082,0.701177,1
0.757643,0.631157,1
0.796782,0.725120,1
0.795910,0.825253,1
0.778354,0.741404,1
0.867423,0.800602,1
0.862069,0.781400,1
0.724900,0.738904,1
0.865173,0.702627,1
0.832443,0.689432,1
0.687502,0.773513,1
0.912279,0.753547,1
0.904643,0.739707,1
0.868381,0.810880,1
0.878677,0.760699,1
0.705771,0.681230,1
0.807720,0.777928,1
0.828161,0.812466,1
0.875346,0.747216,1
0.712065,0.706487,1
0.881403,0.703921,1
0.832751,0.751886,1
0.837872,0.779148,1
0.737350,0.840628,1
0.727085,0.766698,1
0.762545,0.819820,1
0.782831,0.781105,1
0.780894,0.845236,1
0.824729,0.824020,1
0.856832,0.723646,1
0.747199,0.839272,1
0.765075,0.813133,1
0.858141,0.810742,1
0.917258,0.832900,1
0.773983,0.968672,1
0.863545,0.717483,1
0.930001,0.731985,1
0.829717,0.784657,1
0.849062,0.693886,1
0.772415,0.824067,1
0.689818,0.693353,1
0.753445,0.831241,1
0.861810,0.746119,1
0.822774,0.676531,1
0.860937,0.752062,1
0.778261,0.706636,1
0.781380,0.745002,1
0.764720,0.807418,1
0.787209,0.812265,1
0.830818,0.828575,1
0.934523,0.810481,1
0.760178,0.737018,1
0.827701,0.804013,1
0.835886,0.705555,1
0.730331,0.727941,1
0.770574,0.857799,1
0.848645,0.859654,1
0.780015,0.756982,1
0.818249,0.697246,1
0.739365,0.865823,1
0.731949,0.662846,1
0.807060,0.892206,1
0.834937,0.830320,1
0.898754,0.766475,1
0.870153,0.821572,1
0.867804,0.696235,1
0.871411,0.718829,1
0.895087,0.715223,1
0.758080,0.810083,1
0.847380,0.636474,1
0.785388,0.742493,1
0.887564,0.766497,1
0.823460,0.775212,1
0.748057,0.801697,1
0.819472,0.685269,1
0.875641,0.659711,1
0.865597,0.634894,1
0.911341,0.601613,1
0.778629,0.691901,1
0.820204,0.766661,1
0.706967,0.698326,1
0.847579,0.784764,1
0.787001,0.772330,1
0.901142,0.780289,1
0.811740,0.775187,1
0.845117,0.753807,1
0.711968,0.734782,1
0.810851,0.730582,1
0.785631,0.725707,1
0.662400,0.842862,1
0.778248,0.702059,1
0.764010,0.777845,1
0.747918,0.737586,1
0.884213,0.873458,1
0.837454,0.662856,1
0.783146,0.776660,1
0.826415,0.911280,1
0.805549,0.755987,1
0.790879,0.718999,1
0.798965,0.770608,1
0.755401,0.747209,1
0.799673,0.708158,1
0.927509,0.709460,1
0.905915,0.818828,1
0.882375,0.800003,1
0.781788,0.767882,1
0.743340,0.801335,1
0.817641,0.682449,1
0.762793,0.721848,1
0.867004,0.844301,1
0.773351,0.768293,1
0.877712,0.764297,1
0.863593,0.769004,1
0.819438,0.847235,1
0.818272,0.738263,1
0.920229,0.817602,1
0.805309,0.787632,1
0.908043,0.845007,1
0.802027,0.713115,1
0.739061,0.864907,1
0.884253,0.702727,1
0.839969,0.739442,1
0.841413,0.763508,1
0.828078,0.727935,1
0.694585,0.812113,1
0.912080,0.804550,1
0.878456,0.846779,1
0.784967,0.811962,1
0.820617,0.676691,1
0.810072,0.866781,1
0.797953,0.754638,1
0.862257,0.727171,1
0.821106,0.767993,1
0.786808,0.723396,1
0.790752,0.799576,1
0.800207,0.747234,1
0.815790,0.842394,1
0.802212,0.828291,1
0.853014,0.779543,1
0.804143,0.697406,1
0.784143,0.792877,1
0.748660,0.780806,1
0.803990,0.857479,1
0.764669,0.843415,1
0.944661,0.771918,1
0.834488,0.655011,1
0.867426,0.804263,1
0.788835,0.909715,1
0.808146,0.670177,1
0.871748,0.747783,1
0.780844,0.760842,1
0.865503,0.725344,1
0.856253,0.672106,1
0.835065,0.661142,1
0.796716,0.752556,1
0.804710,0.717927,1
0.733464,0.733872,1
0.831937,0.788120,1
0.812394,0.742842,1
0.874590,0.796742,1
0.714322,0.826484,1
0.687762,0.772125,1
0.776035,0.708934,1
0.773347,0.723315,1
0.851945,0.773743,1
0.783025,0.654802,1
0.849593,0.820904,1
0.772801,0.858836,1
0.802916,0.806667,1
0.688713,0.751687,1
0.833785,0.750001,1
0.830066,0.773184,1
0.782092,0.831206,1
0.821779,0.732284,1
0.847093,0.654045,1
0.779322,0.726867,1
0.692798,0.897605,1
0.854796,0.749496,1
0.924606,0.706216,1
0.899521,0.664353,1
0.792250,0.606924,1
0.769468,0.864457,1
0.882997,0.782864,1
0.808814,0.754918,1
0.839397,0.724272,1
0.798244,0.805624,1
0.775668,0.720939,1
0.787526,0.816424,1
0.818711,0.786427,1
0.841118,0.754972,1
0.850567,0.674502,1
0.823281,0.907719,1
0.787150,0.762135,1
0.833538,0.822712,1
0.872494,0.748417,1
0.708095,0.624747,1
0.810914,0.709427,1
0.809074,0.768285,1
0.825277,0.652004,1
0.812382,0.840696,1
0.951903,0.790583,1
0.840630,0.748247,1
0.803451,0.703402,1
0.853887,0.785963,1
0.876048,0.669124,1
0.795047,0.739400,1
0.897163,0.734547,1
0.684574,0.774749,1
0.836232,0.766729,1
0.732371,0.898573,1
0.823661,0.778504,1
0.680575,0.679347,1
0.894039,0.754853,1
0.793210,0.757440,1
0.836276,0.775607,1
0.724472,0.733201,1
0.731915,0.781487,1
0.757694,0.686243,1
0.942442,0.815785,1
0.854941,0.733771,1
0.842659,0.758454,1
0.803123,0.700270,1
0.840429,0.711497,1
0.734178,0.801593,1
0.665420,0.586210,1
0.839615,0.923922,1
0.787206,0.856312,1
0.762949,0.777623,1
0.796540,0.840761,1
0.770364,0.972520,1
0.801198,0.864612,1
0.867564,0.775272,1
0.799944,0.735377,1
0.871668,0.781122,1
0.825587,0.759143,1
0.785197,0.683018,1
0.814314,0.749292,1
0.853455,0.859126,1
0.707735,0.766363,1
0.741121,0.817604,1
0.894038,0.783454,1
0.822771,0.851731,1
0.825487,0.765813,1
0.821531,0.699602,1
0.796235,0.820343,1
0.844074,0.695906,1
0.798564,0.737286,1
0.835053,0.676755,1
0.863918,0.782650,1
0.820067,0.692845,1
0.890293,0.773129,1
0.815861,0.687929,1
0.791098,0.881274,1
0.768562,0.761087,1
1.000000,0.820146,1
0.650831,0.910884,1
0.763837,0.753279,1
0.773917,0.862490,1
0.775933,0.806239,1
0.760138,0.800704,1
0.808262,0.771546,1
0.832095,0.750581,1
0.766251,0.746135,1
0.798081,0.824380,1
0.836188,0.699872,1
0.997577,0.721776,1
0.785635,0.865724,1
0.777447,0.718782,1
0.834035,0.885439,1
0.708450,0.868931,1
0.733767,0.630580,1
0.832158,0.771356,1
0.867376,0.842096,1
0.804937,0.822091,1
0.710476,0.718228,1
0.821387,0.737004,1
0.710240,0.690997,1
0.783442,0.729442,1
0.771411,0.684671,1
0.846955,0.843301,1
0.733619,0.726952,1
0.855917,0.775072,1
0.854163,0.793990,1
0.844102,0.833578,1
0.687626,0.819762,1
0.742567,0.604642,1
0.837247,0.797843,1
0.897232,0.853061,1
0.792027,0.902566,1
0.770787,0.646553,1
0.736816,0.796968,1
0.802530,0.775629,1
0.849754,0.660802,1
0.764219,0.799907,1
0.854360,0.716607,1
0.752426,0.845583,1
0.725629,0.824443,1
0.784685,0.697814,1
0.773557,0.843614,1
0.811152,0.824997,1
0.755203,0.804889,1
0.770779,0.717293,1
0.852483,0.787636,1
0.811705,0.837238,1
0.753615,0.752052,1
0.740517,0.847208,1
0.873990,0.658607,1
0.817436,0.691451,1
0.776390,0.822129,1
0.752699,0.759958,1
0.849480,0.751122,1
0.886341,0.820067,1
0.735208,0.702646,1
0.861217,0.855078,1
0.806269,0.683777,1
0.818269,0.771779,1
0.847177,0.710288,1
0.714745,0.807045,1
0.864284,0.751017,1
0.892733,0.888617,1
0.893606,0.720782,1
0.783792,0.820213,1
0.835623,0.729503,1
0.798687,0.699331,1
0.868859,0.832356,1
0.849016,0.811487,1
0.773234,0.844881,1
0.772590,0.646298,1
0.786642,0.790582,1
0.797605,0.747593,1
0.791869,0.732032,1
0.833504,0.792739,1
0.768489,0.771741,1
0.822904,0.735878,1
0.686551,0.640331,1
0.754268,0.779794,1
0.814447,0.735580,1
0.718278,0.798062,1
0.907803,0.854020,1
0.780194,0.720561,1
0.765920,0.711512,1
0.718252,0.785601,1
0.846722,0.783619,1
0.871911,0.762473,1
0.896884,0.782967,1
0.887394,0.730377,1
0.808939,0.803356,1
0.876960,0.760614,1
0.804968,0.785503,1
0.731430,0.727130,1
0.694658,0.703239,1
0.867570,0.777861,1
0.868451,0.826100,1
0.816156,0.840209,1
0.876664,0.674063,1
0.755521,0.705538,1
0.798595,0.748160,1
0.719157,0.752055,1
0.793912,0.700568,1
0.844338,0.698492,1
0.839603,0.736905,1
0.900633,0.829148,1
0.771094,0.797855,1
0.876344,0.735292,1
0.762827,0.862526,1
0.786150,0.793969,1
0.794948,0.852722,1
0.880067,0.830067,1
0.767494,0.802854,1
0.810465,0.739872,1
0.765506,0.840358,1
0.854085,0.818152,1
0.782089,0.729719,1
0.754107,0.634747,1
0.791725,0.859469,1
0.808745,0.813835,1
0.894571,0.786035,1
0.825825,0.797655,1
0.818390,0.725477,1
0.817574,0.692077,1
0.798543,0.736068,1
0.710167,0.732027,1
0.970085,0.803371,1
0.847387,0.883770,1
0.752697,0.848363,1
0.854701,0.784691,1
0.768862,0.799514,1
0.795766,0.882751,1
0.747455,0.736540,1
0.936044,0.979998,1
0.813117,0.730682,1
0.770150,0.676492,1
0.885172,0.803866,1
0.858387,0.900467,1
0.784636,0.787668,1
0.804400,0.706602,1
0.794688,0.710632,1
0.848230,0.712864,1
0.805182,0.735630,1
0.899308,0.678574,1
0.798717,0.786437,1
0.806023,0.785482,1
0.853830,0.738759,1
0.840658,0.697148,1
0.773144,0.682724,1
0.877570,0.765898,1
0.809065,0.886569,1
0.781548,0.850557,1
0.829508,0.903101,1
0.729021,0.674678,1
0.875248,0.751864,1
0.830695,0.774124,1
0.682544,0.756827,1
0.812569,0.715629,1
0.779602,0.789551,1
0.798274,0.725214,1
0.877731,0.675655,1
0.743569,0.828217,1
0.811798,0.620438,1
0.798900,0.781128,1
0.777216,0.808016,1
0.714440,0.821564,1
0.834562,0.746907,1
0.705394,0.839646,1
0.698796,0.699254,1
0.870513,0.704022,1
0.879768,0.831840,1
0.890225,0.714158,1
0.846576,0.811400,1
0.772611,0.740188,1
0.769358,0.797193,1
0.821710,0.677215,1
0.820303,0.751389,1
0.821912,0.714322,1
0.828459,0.772713,1
0.806060,0.771855,1
0.825826,0.808964,1
0.730028,0.765037,1
0.809297,0.685203,1
0.909667,0.799586,1
0.770053,0.768165,1
0.907332,0.750999,1
0.862831,0.709425,1
0.722442,0.889474,1
0.840070,0.846493,1
0.825336,0.761356,1
0.785315,0.788180,1
0.680170,0.824419,1
0.820500,0.714264,1
0.828409,0.811463,1
0.830258,0.721772,1
0.878859,0.778271,1
0.789664,0.676088,1
0.782938,0.785454,1
0.800137,0.820794,1
0.812087,0.765532,1
0.905199,0.778868,1
0.979406,0.744724,1
0.875748,0.766311,1
0.821239,0.818988,1
0.864726,0.718725,1
0.825353,0.784241,1
0.823215,0.634616,1
0.740500,0.741310,1
0.798617,0.766629,1
0.875796,0.769026,1
0.867730,0.822130,1
0.764356,0.832719,1
0.766797,0.710373,1
0.880662,0.822351,1
0.781348,0.697733,1
0.806041,0.904177,1
0.777328,0.826962,1
0.859026,0.858087,1
0.861111,0.856487,1
0.876973,0.795140,1
0.781171,0.839856,1
0.802211,0.775606,1
0.703921,0.830932,1
0.795396,0.713915,1
0.780394,0.810909,1
0.888027,0.721877,1
0.871370,0.786379,1
0.905970,0.768572,1
0.712585,0.693356,1
0.819677,0.686411,1
0.920147,0.820377,1
0.840996,0.668733,1
0.777153,0.695781,1
0.717126,0.738350,1
0.887448,0.790949,1
0.848215,0.854493,1
0.985701,0.768849,1
0.773642,0.789199,1
0.783872,0.748562,1
0.821505,0.807184,1
0.853811,0.846953,1
0.781058,0.644856,1
0.757300,0.782309,1
0.768020,0.781911,1
0.813364,0.844813,1
0.799611,0.616075,1
0.813319,0.680275,1
0.684736,0.692531,1
0.740542,0.883557,1
0.829423,0.785228,1
0.772774,0.901738,1
0.706174,0.696051,1
0.786710,0.830280,1
0.743292,0.649885,1
0.847084,0.699881,1
0.887317,0.841994,1
0.830459,0.705140,1
0.787070,0.749262,1
0.797631,0.882309,1
0.786666,0.796769,1
0.829707,0.808378,1
0.850753,0.764214,1
0.876540,0.687139,1
0.890942,0.827012,1
0.699099,0.810603,1
0.821655,0.796817,1
0.899888,0.767704,1
0.708395,0.903043,1
0.806738,0.713958,1
0.865504,0.751523,1
0.855638,0.839045,1
0.961961,0.850622,1
0.790545,0.776933,1
0.747208,0.808134,1
0.743485,0.694108,1
0.836474,0.796768,1
0.783682,0.852299,1
0.833838,0.748877,1
0.755044,0.778878,1
0.828930,0.687811,1
0.765342,0.620732,1
0.744880,0.766990,1
0.801314,0.736894,1
0.828516,0.750289,1
0.873610,0.817431,1
0.910458,0.828308,1
0.871131,0.749117,1
0.784960,0.797448,1
0.881298,0.859851,1
0.883364,0.857457,1
0.233072,0.170510,0
0.175314,0.168014,0
0.192303,0.296346,0
0.128021,0.280344,0
0.245439,0.257265,0
0.140161,0.260187,0
0.308879,0.291307,0
0.185810,0.146498,0
0.257513,0.201503,0
0.196340,0.303945,0
0.163785,0.160599,0
0.214979,0.222917,0
0.074097,0.250085,0
0.229416,0.255600,0
0.257609,0.242045,0
0.277127,0.244350,0
0.089120,0.288669,0
0.221644,0.249021,0
0.289996,0.245953,0
0.309778,0.229547,0
0.237525,0.283935,0
0.261816,0.255307,0
0.247673,0.236857,0
0.173108,0.350297,0
0.073828,0.232511,0
0.203301,0.178948,0
0.206180,0.147288,0
0.139310,0.251696,0
0.246737,0.271941,0
0.248461,0.324927,0
0.225148,0.137688,0
0.207573,0.128177,0
0.251171,0.203731,0
0.220616,0.102375,0
0.242721,0.350018,0
0.217107,0.142856,0
0.139098,0.168841,0
0.169504,0.126470,0
0.109670,0.194437,0
0.236315,0.081104,0
0.238803,0.102351,0
0.140636,0.173490,0
0.218198,0.310482,0
0.203275,0.172081,0
0.197253,0.280998,0
0.258718,0.267579,0
0.191698,0.199304,0
0.255235,0.241966,0
0.167780,0.188085,0
0.144259,0.170706,0
0.174561,0.290359,0
0.277637,0.301243,0
0.202816,0.233702,0
0.191838,0.237806,0
0.175026,0.194167,0
0.196745,0.265032,0
0.161375,0.192332,0
0.245276,0.179770,0
0.134416,0.192265,0
0.247385,0.274745,0
0.334369,0.134914,0
0.164372,0.143334,0
0.256861,0.163249,0
0.109625,0.254139,0
0.090202,0.058554,0
0.189156,0.179451,0
0.239836,0.196662,0
0.291421,0.086474,0
0.312198,0.206876,0
0.092580,0.251581,0
0.234797,0.311024,0
0.191116,0.234394,0
0.168269,0.180080,0
0.199871,0.115693,0
0.185194,0.194265,0
0.227449,0.137383,0
0.225081,0.203887,0
0.249999,0.235892,0
0.212603,0.327324,0
0.089806,0.219706,0
0.143558,0.259021,0
0.275331,0.179918,0
0.278855,0.019171,0
0.251115,0.231144,0
0.305289,0.168318,0
0.215283,0.127553,0
0.247616,0.154867,0
0.150890,0.265662,0
0.217489,0.203686,0
0.148123,0.224049,0
0.185893,0.168882,0
0.302918,0.171463,0
0.216666,0.284468,0
0.263635,0.211090,0
0.159473,0.172945,0
0.262690,0.133894,0
0.250776,0.222632,0
0.154650,0.246202,0
0.249750,0.159226,0
0.410875,0.213123,0
0.263724,0.365020,0
0.243272,0.203418,0
0.250140,0.185323,0
0.229545,0.222526,0
0.139518,0.200052,0
0.218375,0.229467,0
0.213978,0.221051,0
0.268707,0.270035,0
0.229539,0.169188,0
0.090998,0.103184,0
0.229661,0.126954,0
0.193225,0.142204,0
0.176685,0.264925,0
0.257686,0.338837,0
0.245925,0.201103,0
0.137195,0.199565,0
0.219680,0.167818,0
0.125812,0.202106,0
0.195122,0.314110,0
0.281300,0.285072,0
0.273670,0.203299,0
0.228649,0.108848,0
0.265342,0.230904,0
0.231379,0.227067,0
0.249078,0.150401,0
0.304406,0.206672,0
0.152503,0.176900,0
0.217952,0.258646,0
0.120743,0.191298,0
0.107180,0.124901,0
0.171877,0.239081,0
0.201550,0.088929,0
0.230979,0.154706,0
0.121000,0.357732,0
0.267210,0.245504,0
0.140268,0.189688,0
0.243682,0.192640,0
0.216014,0.283571,0
0.237206,0.092569,0
0.230236,0.375759,0
0.232856,0.056649,0
0.122061,0.289609,0
0.292618,0.189841,0
0.245012,0.235205,0
0.328291,0.181564,0
0.151596,0.255169,0
0.152428,0.263527,0
0.214000,0.345732,0
0.216637,0.205274,0
0.313840,0.267066,0
0.094519,0.140241,0
0.192876,0.133070,0
0.238637,0.126051,0
0.140443,0.125501,0
0.269432,0.248892,0
0.300458,0.219879,0
0.193210,0.282438,0
0.103446,0.049082,0
0.289755,0.251695,0
0.216362,0.165191,0
0.155253,0.196247,0
0.197288,0.248844,0
0.232419,0.098219,0
0.207368,0.247939,0
0.120288,0.307589,0
0.133192,0.303975,0
0.232508,0.144767,0
0.211133,0.126163,0
0.074420,0.268729,0
0.218000,0.274805,0
0.124347,0.148420,0
0.073503,0.121707,0
0.224309,0.257744,0
0.223204,0.131335,0
0.336337,0.179408,0
0.318422,0.252880,0
0.142538,0.163925,0
0.217798,0.271337,0
0.218694,0.378711,0
0.255370,0.159232,0
0.245741,0.214764,0
0.183302,0.134264,0
0.101238,0.158743,0
0.136786,0.196628,0
0.213655,0.182504,0
0.207552,0.077188,0
0.198054,0.350148,0
0.265337,0.152847,0
0.227943,0.147190,0
0.279148,0.159321,0
0.235297,0.165597,0
0.152576,0.119120,0
0.277835,0.170413,0
0.218809,0.203866,0
0.308342,0.267915,0
0.236820,0.361169,0
0.208519,0.212317,0
0.246859,0.262046,0
0.288890,0.205665,0
0.155822,0.164395,0
0.142228,0.251479,0
0.253045,0.137094,0
0.246059,0.144457,0
0.150510,0.255284,0
0.110825,0.349255,0
0.135333,0.146305,0
0.208651,0.193212,0
0.165265,0.272289,0
0.272944,0.211623,0
0.227543,0.215153,0
0.140882,0.234090,0
0.223796,0.298573,0
0.113512,0.336111,0
0.120877,0.164480,0
0.253745,0.285118,0
0.317956,0.205740,0
0.184791,0.247514,0
0.280348,0.211301,0
0.265627,0.269076,0
0.227202,0.116586,0
0.072532,0.256727,0
0.237343,0.279234,0
0.283338,0.161989,0
0.283977,0.139529,0
0.239430,0.195387,0
0.173229,0.137619,0
0.223620,0.249548,0
0.239357,0.278953,0
0.167542,0.133224,0
0.250649,0.283696,0
0.196572,0.176390,0
0.205918,0.362781,0
0.206719,0.270953,0
0.251500,0.276472,0
0.161580,0.350943,0
0.280353,0.268367,0
0.264886,0.172078,0
0.178259,0.245162,0
0.074990,0.087089,0
0.137496,0.186231,0
0.223164,0.139762,0
0.249914,0.285160,0
0.183075,0.253521,0
0.057967,0.162467,0
0.209465,0.226811,0
0.188349,0.312566,0
0.104389,0.333214,0
0.201689,0.233660,0
0.216619,0.314289,0
0.160701,0.256520,0
0.232028,0.311211,0
0.184910,0.329759,0
0.156342,0.170172,0
0.086639,0.268129,0
0.133344,0.187182,0
0.234902,0.227043,0
0.125191,0.210145,0
0.087902,0.273450,0
0.200061,0.210004,0
0.160387,0.220456,0
0.120360,0.210820,0
0.182723,0.189388,0
0.350859,0.193613,0
0.196640,0.179092,0
0.257587,0.181824,0
0.220558,0.266157,0
0.111424,0.237787,0
0.187107,0.246529,0
0.206136,0.153696,0
0.298989,0.330500,0
0.190010,0.327042,0
0.156940,0.258937,0
0.201160,0.047914,0
0.251337,0.311996,0
0.231068,0.143562,0
0.168911,0.269797,0
0.190770,0.231923,0
0.136681,0.202943,0
0.183284,0.237126,0
0.211130,0.109030,0
0.178753,0.199546,0
0.132503,0.220089,0
0.202187,0.217780,0
0.166191,0.194749,0
0.194551,0.124642,0
0.255544,0.142549,0
0.087853,0.263898,0
0.326143,0.131320,0
0.175461,0.343876,0
0.100661,0.254892,0
0.255252,0.338997,0
0.204189,0.215010,0
0.229851,0.237619,0
0.232685,0.161881,0
0.111195,0.246262,0
0.233689,0.207825,0
0.248781,0.173066,0
0.238297,0.263560,0
0.206279,0.168915,0
0.220826,0.268309,0
0.155989,0.254082,0
0.166024,0.085297,0
0.219752,0.183505,0
0.204474,0.071678,0
0.250598,0.163642,0
0.171526,0.203920,0
0.145528,0.202330,0
0.212806,0.127441,0
0.187258,0.085530,0
0.291033,0.205404,0
0.232953,0.189218,0
0.239683,0.179014,0
0.293352,0.178299,0
0.201448,0.175947,0
0.157634,0.137373,0
0.276026,0.118784,0
0.161418,0.247544,0
0.139641,0.183826,0
0.096658,0.137952,0
0.181523,0.140756,0
0.218202,0.255977,0
0.244243,0.153779,0
0.113826,0.164036,0
0.199273,0.168925,0
0.144541,0.319606,0
0.154713,0.174744,0
0.137853,0.155465,0
0.107126,0.114984,0
0.168223,0.202154,0
0.184560,0.300045,0
0.165527,0.313911,0
0.177785,0.258957,0
0.204675,0.270398,0
0.164148,0.183185,0
0.160237,0.245751,0
0.225322,0.267644,0
0.263553,0.165575,0
0.210231,0.184684,0
0.243521,0.157317,0
0.302889,0.201887,0
0.165381,0.164579,0
0.106030,0.175079,0
0.066487,0.258814,0
0.177459,0.173734,0
0.207986,0.210033,0
0.191130,0.245698,0
0.219720,0.059744,0
0.236509,0.129338,0
0.232754,0.342575,0
0.254279,0.103959,0
0.180816,0.041366,0
0.341753,0.183686,0
0.251287,0.241707,0
0.224199,0.123572,0
0.216489,0.166384,0
0.207245,0.192361,0
0.253315,0.286980,0
0.269957,0.271559,0
0.221420,0.107312,0
0.184815,0.243377,0
0.178034,0.257042,0
0.163864,0.293014,0
0.161625,0.312477,0
0.181766,0.208314,0
0.171728,0.149681,0
0.273392,0.311735,0
0.146775,0.254481,0
0.216854,0.198562,0
0.272910,0.245490,0
0.107839,0.290160,0
0.274360,0.261292,0
0.084860,0.196382,0
0.111461,0.179815,0
0.261147,0.198647,0
0.141479,0.017071,0
0.063947,0.254440,0
0.316708,0.281325,0
0.144092,0.223687,0
0.175941,0.255429,0
0.246294,0.219685,0
0.166634,0.296059,0
0.183030,0.215148,0
0.162143,0.203687,0
0.256705,0.229203,0
0.139616,0.290343,0
0.094912,0.155826,0
0.201217,0.233317,0
0.276899,0.164732,0
0.179451,0.141664,0
0.196047,0.107017,0
0.197219,0.192756,0
0.258922,0.155207,0
0.156131,0.219708,0
0.259550,0.213048,0
0.175387,0.281651,0
0.292703,0.185028,0
0.198683,0.119493,0
0.249795,0.269156,0
0.087875,0.248253,0
0.186135,0.188386,0
0.286288,0.217729,0
0.116652,0.094327,0
0.131390,0.092945,0
0.193731,0.138892,0
0.187479,0.080171,0
0.131854,0.093545,0
0.258553,0.306747,0
0.169839,0.234778,0
0.192904,0.232726,0
0.250250,0.290933,0
0.293932,0.318134,0
0.232218,0.206437,0
0.185815,0.170738,0
0.155807,0.358066,0
0.169223,0.285463,0
0.189160,0.185068,0
0.192879,0.204508,0
0.265512,0.230995,0
0.287699,0.158439,0
0.253439,0.282301,0
0.181219,0.253923,0
0.000000,0.299371,0
0.198783,0.290673,0
0.283765,0.253728,0
0.259399,0.109991,0
0.149327,0.323535,0
0.140612,0.163339,0
0.182257,0.096542,0
0.282764,0.270637,0
0.215815,0.109558,0
0.256797,0.105875,0
0.185681,0.231924,0
0.260660,0.135321,0
0.298434,0.284152,0
0.150392,0.194896,0
0.250681,0.354751,0
0.133438,0.116135,0
0.172556,0.118889,0
0.171144,0.151862,0
0.213224,0.149740,0
0.139758,0.133656,0
0.215818,0.174783,0
0.244715,0.244021,0
0.261075,0.275045,0
0.217639,0.250859,0
0.141571,0.139308,0
0.156639,0.267185,0
0.133347,0.227449,0
0.311265,0.043730,0
0.068434,0.155549,0
0.281069,0.128446,0
0.091152,0.235968,0
0.143567,0.230749,0
0.135435,0.193653,0
0.180744,0.214186,0
0.139328,0.026048,0
0.227281,0.275066,0
0.236011,0.138678,0
0.118621,0.161356,0
0.190265,0.323988,0
0.183550,0.141543,0
0.156634,0.179002,0
0.275270,0.270398,0
0.165951,0.298784,0
0.253630,0.196189,0
0.161070,0.273013,0
0.138644,0.205124,0
0.159081,0.208812,0
0.230500,0.218724,0
0.288808,0.201589,0
0.036277,0.273184,0
0.251720,0.223530,0
0.317130,0.174428,0
0.162766,0.192195,0
0.254293,0.134252,0
0.137295,0.223199,0
0.219248,0.295331,0
0.239608,0.185372,0
0.305633,0.195285,0
0.256138,0.190176,0
0.114177,0.126551,0
0.159457,0.163125,0
0.153110,0.167558,0
0.180916,0.136748,0
0.142312,0.183818,0
0.120088,0.128045,0
0.189886,0.248320,0
0.185783,0.248606,0
0.104876,0.159937,0
0.199815,0.352940,0
0.138410,0.151799,0
0.201080,0.222570,0
0.206397,0.325661,0
0.180677,0.219934,0
0.106341,0.107575,0
0.159247,0.193209,0
0.199252,0.225099,0
0.233407,0.148118,0
0.281883,0.254237,0
0.229743,0.113260,0
0.170606,0.260102,0
0.195501,0.156148,0
0.058844,0.261294,0
0.191379,0.245284,0
0.115961,0.250731,0
0.217304,0.185797,0
0.173395,0.189727,0
0.281036,0.092500,0
0.233887,0.295392,0
0.343726,0.106625,0
0.159130,0.159438,0
0.197802,0.227430,0
0.193441,0.196035,0
0.134535,0.199958,0
0.223808,0.196876,0
0.217768,0.197372,0
0.192903,0.321887,0
0.140270,0.235636,0
0.270548,0.122524,0
0.262705,0.279940,0
0.297013,0.134462,0
0.095809,0.176199,0
0.251895,0.300965,0
0.188539,0.278293,0
0.220093,0.375594,0
0.129061,0.169538,0
0.241692,0.178710,0
0.330031,0.196386,0
0.199346,0.176225,0
0.154512,0.235720,0
0.210244,0.273010,0
0.152904,0.325096,0
0.266698,0.243412,0
0.237917,0.249928,0
0.250034,0.241426,0
0.243105,0.168710,0
0.116434,0.310722,0
0.223785,0.203950,0
0.133162,0.180659,0
0.231848,0.107912,0
0.235049,0.243011,0
0.338706,0.166868,0
0.149019,0.308996,0
0.297972,0.216297,0
0.247799,0.243280,0
0.246106,0.206645,0
0.301748,0.063193,0
0.168919,0.166755,0
0.185098,0.153452,0
0.256015,0.219558,0
0.179011,0.155282,0
0.234247,0.247993,0
0.139140,0.223407,0
0.153152,0.150121,0
0.279032,0.212094,0
0.189356,0.153488,0
0.155858,0.199785,0
0.139295,0.196775,0
0.334502,0.272643,0
0.290622,0.272844,0
0.412458,0.113278,0
0.284404,0.187641,0
0.296206,0.144920,0
0.195655,0.081742,0
0.098265,0.181137,0
0.062601,0.242220,0
0.267824,0.129551,0
0.206880,0.215611,0
0.282588,0.209122,0
0.323002,0.217202,0
0.194851,0.233198,0
0.229631,0.301885,0
0.161812,0.262781,0
0.067742,0.118598,0
0.109845,0.293661,0
0.202916,0.204559,0
0.216618,0.184862,0
0.239747,0.159227,0
0.306514,0.166353,0
0.193685,0.245036,0
0.116338,0.305532,0
0.159241,0.191708,0
0.211320,0.192686,0
0.206214,0.263418,0
0.204859,0.167989,0
0.205316,0.242953,0
0.258724,0.148424,0
0.224632,0.085521,0
0.212365,0.247048,0
0.118594,0.176325,0
0.272889,0.249907,0
0.240249,0.270458,0
0.285727,0.224443,0
0.178426,0.149765,0
0.192681,0.245583,0
0.178410,0.294280,0
0.200502,0.173182,0
0.319962,0.293313,0
0.192069,0.235897,0
0.209967,0.228211,0
0.235646,0.205085,0
0.085591,0.281800,0
0.204030,0.206422,0
0.192339,0.156689,0
0.195950,0.224560,0
0.219849,0.202035,0
0.148736,0.197183,0
0.161451,0.213065,0
0.181047,0.226323,0
0.136816,0.297564,0
0.202705,0.266248,0
0.205816,0.312630,0
0.251350,0.087068,0
0.236650,0.298573,0
0.143745,0.218779,0
0.153151,0.194782,0
0.254209,0.165162,0
0.198461,0.117971,0
0.144462,0.163375,0
0.210549,0.200588,0
0.275313,0.208270,0
0.264295,0.202858,0
0.281637,0.154120,0
0.187700,0.230313,0
0.233571,0.240092,0
0.360320,0.244769,0
0.107594,0.290273,0
0.223497,0.389111,0
0.217944,0.126599,0
0.062031,0.142861,0
0.153887,0.171104,0
0.151834,0.252540,0
0.185600,0.146411,0
0.221729,0.249872,0
0.172497,0.160933,0
0.243562,0.177595,0
0.287303,0.229530,0
0.204042,0.111892,0
0.230198,0.239975,0
0.185742,0.211404,0
0.144023,0.134393,0
0.148262,0.279357,0
0.233857,0.190181,0
0.191360,0.245404,0
0.243358,0.254271,0
0.159350,0.251615,0
0.157402,0.294191,0
0.175641,0.170816,0
0.268106,0.149538,0
0.120593,0.189997,0
0.286431,0.230837,0
0.205427,0.150882,0
0.188613,0.144296,0
0.254642,0.254095,0
0.363357,0.016782,0
0.187990,0.182915,0
0.155837,0.181896,0
0.197158,0.304469,0
0.168691,0.160515,0
0.214945,0.174335,0
0.300935,0.182653,0
0.189459,0.128334,0
0.196934,0.291987,0
0.142564,0.236139,0
0.170244,0.201803,0
0.176903,0.202138,0
0.165616,0.147352,0
0.268639,0.166174,0
0.186281,0.145728,0
0.238237,0.190211,0
0.195414,0.162132,0
0.203617,0.160821,0
0.180565,0.363793,0
0.300075,0.182741,0
0.142560,0.267974,0
0.173676,0.187542,0
0.185849,0.217479,0
0.148799,0.365976,0
0.103604,0.249078,0
0.189245,0.183018,0
0.242805,0.267350,0
0.255573,0.047265,0
0.135009,0.219806,0
0.192800,0.148497,0
0.183013,0.204593,0
0.309203,0.046650,0
0.211674,0.267738,0
0.133638,0.136673,0
0.117720,0.259118,0
0.197518,0.162810,0
0.159555,0.118775,0
0.189639,0.205140,0
0.221619,0.121416,0
0.330790,0.299573,0
0.141327,0.179544,0
0.239394,0.195715,0
0.133601,0.272540,0
0.069043,0.371852,0
0.254361,0.176396,0
0.161506,0.141352,0
0.231191,0.097684,0
0.254873,0.195525,0
0.237175,0.232060,0
0.213955,0.130333,0
0.211264,0.176706,0
0.217915,0.149181,0
0.244918,0.195070,0
0.134828,0.300620,0
0.158996,0.198366,0
0.256714,0.152138,0
0.081018,0.178216,0
0.146648,0.312513,0
0.193172,0.360216,0
0.118766,0.214706,0
0.217383,0.216177,0
0.199937,0.210651,0
0.219767,0.164161,0
0.180322,0.137915,0
0.215527,0.303022,0
0.161220,0.234655,0
0.155302,0.301492,0
0.162248,0.194937,0
0.214066,0.168095,0
0.233373,0.230154,0
0.259834,0.140468,0
0.343652,0.284387,0
0.241996,0.158970,0
0.194824,0.188781,0
0.201243,0.304693,0
0.237087,0.195616,0
0.173741,0.182760,0
0.221627,0.263629,0
0.141546,0.291250,0
0.208116,0.155857,0
0.223107,0.305569,0
0.177454,0.259610,0
0.052808,0.212006,0
0.211797,0.301272,0
0.268687,0.175578,0
0.125186,0.211632,0
0.378128,0.069211,0
0.094375,0.188569,0
0.180611,0.237680,0
0.209495,0.235958,0
0.220122,0.337149,0
0.288307,0.281258,0
0.242082,0.162842,0
0.144814,0.292726,0
0.130034,0.105261,0
0.245580,0.168672,0
0.222965,0.226360,0
0.181677,0.193202,0
0.238532,0.304592,0
0.315762,0.189179,0
0.226307,0.238816,0
0.189585,0.230789,0
0.140348,0.206057,0
0.354524,0.123449,0
0.185503,0.131304,0
0.323386,0.160085,0
0.188904,0.217850,0
0.210827,0.305509,0
0.250410,0.209413,0
0.159144,0.140900,0
0.234663,0.178188,0
0.201484,0.118298,0
0.217835,0.162979,0
0.221453,0.067941,0
0.214438,0.160219,0
0.250379,0.136658,0
0.186427,0.230065,0
0.118766,0.139216,0
0.355474,0.210736,0
0.253436,0.252452,0
0.139873,0.096524,0
0.215136,0.140998,0
0.219459,0.143421,0
0.160414,0.300230,0
0.244284,0.194386,0
0.261714,0.152977,0
0.243531,0.224473,0
0.291618,0.161043,0
0.251545,0.141006,0
0.229228,0.206755,0
0.321092,0.217162,0
0.211521,0.247194,0
0.184313,0.214433,0
0.231305,0.226276,0
0.091422,0.064489,0
0.228578,0.229810,0
0.220488,0.091629,0
0.301314,0.282461,0
0.217371,0.199734,0
0.233891,0.249141,0
0.249530,0.131195,0
0.156104,0.175801,0
0.258926,0.217931,0
0.315835,0.277625,0
0.302252,0.194524,0
0.147833,0.226776,0
0.223688,0.276685,0
0.122924,0.135485,0
0.318885,0.203218,0
0.188412,0.254570,0
0.149511,0.226430,0
0.200886,0.305159,0
0.199718,0.210347,0
0.229916,0.264237,0
0.238702,0.215128,0
0.235268,0.187250,0
0.265457,0.351590,0
0.195138,0.113939,0
0.239794,0.118254,0
0.207410,0.205465,0
0.293132,0.151742,0
0.133745,0.279588,0
0.161485,0.215019,0
0.217095,0.307796,0
0.164880,0.289158,0
0.280941,0.206573,0
0.149381,0.146459,0
0.067368,0.257128,0
0.131444,0.131190,0
0.251169,0.128912,0
0.391500,0.254292,0
0.245925,0.242950,0
0.254716,0.213666,0
0.200180,0.163009,0
0.172594,0.225370,0
0.092548,0.213757,0
0.156976,0.265018,0
0.186245,0.215012,0
0.260798,0.159675,0
0.280468,0.267329,0
0.275287,0.271410,0
0.244544,0.239362,0
0.299193,0.232261,0
0.133884,0.122644,0
0.164381,0.288909,0
0.210023,0.102196,0
0.165761,0.111716,0
0.195570,0.189663,0
0.260084,0.188030,0
0.260769,0.118898,0
0.258931,0.229116,0
0.177250,0.287557,0
0.145770,0.135210,0
0.262213,0.279434,0
0.115848,0.061527,0
0.161183,0.099061,0
0.141453,0.214619,0
0.194545,0.197640,0
0.249106,0.192320,0
0.280925,0.275485,0
0.182077,0.253580,0
0.125022,0.014191,0
0.144606,0.301051,0
0.194789,0.182914,0
0.240843,0.253539,0
0.285737,0.212638,0
0.236349,0.279446,0
0.245521,0.250163,0
0.201666,0.193049,0
0.197725,0.111109,0
0.206058,0.271369,0
0.256658,0.357346,0
0.117921,0.193808,0
0.105512,0.237805,0
0.277243,0.219569,0
0.153804,0.154147,0
0.122872,0.270345,0
0.284210,0.190104,0
0.333173,0.243746,0
0.092732,0.221916,0
0.200361,0.219240,0
0.160989,0.286090,0
0.263319,0.199921,0
0.285045,0.013176,0
0.125078,0.099852,0
0.219708,0.242095,0
0.231088,0.176605,0
0.195095,0.125053,0
0.173674,0.308998,0
0.258187,0.140743,0
0.109783,0.188986,0
0.218298,0.249339,0
0.171700,0.172897,0
0.225460,0.246203,0
0.325905,0.255484,0
0.175554,0.233043,0
0.117202,0.291183,0
0.172092,0.331597,0
0.183881,0.277124,0
0.216578,0.244381,0
0.252544,0.320971,0
0.215412,0.223356,0
0.228811,0.286415,0
0.203135,0.286542,0
0.222941,0.277994,0
0.295218,0.147478,0
0.210616,0.150030,0
0.197346,0.143531,0
0.246627,0.173019,0
0.320759,0.240273,0
0.196526,0.118944,0
0.220352,0.228833,0
0.287327,0.337548,0
0.185761,0.099898,0
0.202633,0.247707,0
0.139684,0.110616,0
0.261725,0.204812,0
0.268949,0.185386,0
0.231945,0.174645,0
0.149355,0.205716,0
0.174832,0.289545,0
0.169729,0.188385,0
0.253907,0.256305,0
0.186118,0.256385,0
0.232431,0.149750,0
0.247412,0.185411,0
0.143729,0.241896,0
0.216939,0.202321,0
0.234470,0.228388,0
0.132051,0.175905,0
0.191959,0.224519,0
0.309601,0.207627,0
0.305856,0.279681,0
0.312039,0.331324,0
0.287132,0.209695,0
0.123625,0.180186,0
0.174402,0.149482,0
0.174765,0.215560,0
0.246755,0.296523,0
0.209577,0.169187,0
0.137113,0.230836,0
0.243356,0.185270,0
0.259505,0.248622,0
0.189042,0.100940,0
0.247415,0.292760,0
0.356356,0.160825,0
0.243766,0.327577,0
0.178558,0.159713,0
0.221193,0.160713,0
0.312936,0.220089,0
0.230384,0.229483,0
0.144171,0.393985,0
0.259139,0.177837,0
0.217721,0.189177,0
0.145521,0.229476,0
0.271807,0.151132,0
0.299068,0.277289,0
0.173031,0.227892,0
0.120329,0.184659,0
0.132120,0.214794,0
0.174345,0.110996,0
0.237746,0.112027,0
0.228944,0.183398,0
0.295493,0.217310,0
0.140821,0.267887,0
0.067708,0.241044,0
0.095135,0.157084,0
0.232983,0.208984,0
0.198593,0.079793,0
0.224296,0.153793,0
0.176533,0.244432,0
0.271613,0.290561,0
0.177748,0.285576,0
0.117411,0.178118,0
0.121168,0.193183,0
0.220856,0.109447,0
0.144058,0.253781,0
0.188520,0.239589,0
0.122204,0.270392,0
0.242835,0.191339,0
0.273485,0.306255,0
0.240946,0.173592,0
0.226497,0.263401,0
0.124118,0.171356,0
0.157908,0.218853,0
0.211100,0.115443,0
0.310167,0.099006,0
0.114431,0.301269,0
0.219098,0.207655,0
0.235468,0.200613,0
0.161412,0.273925,0
0.277245,0.174603,0
0.208742,0.204439,0
0.237108,0.268412,0
0.242835,0.109208,0
0.145628,0.301523,0
0.118858,0.244819,0
0.158685,0.102633,0
0.267118,0.262115,0
0.213584,0.155124,0
0.212581,0.181474,0
0.107041,0.134350,0
0.198701,0.233926,0
0.224535,0.163800,0
0.150802,0.242084,0
0.178016,0.110247,0
0.136218,0.118115,0
0.260917,0.208114,0
0.198635,0.228507,0
0.227223,0.213191,0
0.255668,0.216012,0
0.146138,0.274643,0
0.158411,0.263952,0
0.245357,0.243700,0
0.293751,0.300715,0
0.243802,0.251890,0
0.269890,0.375019,0
0.156416,0.155960,0
0.229895,0.396874,0
0.247727,0.289070,0
0.212245,0.126491,0
0.241974,0.000000,0
0.188508,0.125624,0
0.156601,0.189688,0
0.180431,0.193166,0
0.128022,0.189339,0
0.321211,0.259260,0
0.172626,0.169414,0
0.192645,0.212195,0
0.249042,0.284574,0
0.284247,0.112894,0
0.256927,0.305214,0
0.206104,0.152945,0
0.144881,0.147721,0
0.175802,0.229665,0
0.343233,0.108877,0
0.263041,0.170076,0
0.183382,0.225889,0
0.203419,0.134096,0
0.162236,0.212310,0
0.263495,0.257695,0
0.277683,0.259288,0
0.275447,0.281870,0
0.112502,0.328740,0
0.135848,0.303485,0
0.138241,0.239924,0
0.256885,0.279649,0
0.206600,0.228999,0
0.146733,0.073423,0
0.244472,0.256002,0
0.203944,0.288438,0
0.181638,0.143235,0
0.220949,0.146212,0
0.130402,0.191680,0
0.206572,0.135557,0
0.283723,0.301184,0
0.269557,0.235476,0
0.223739,0.096454,0
0.242233,0.278594,0
0.149587,0.184537,0
0.181335,0.110268,0
0.163235,0.162071,0
0.215210,0.243707,0
0.119907,0.274277,0
0.240677,0.232976,0
0.245545,0.198791,0
0.201154,0.198332,0
0.171702,0.269981,0
0.171274,0.097422,0
0.089303,0.249165,0
0.244803,0.103150,0
0.259099,0.127884,0
0.154659,0.204135,0
0.251417,0.217341,0
0.251635,0.198559,0
0.258437,0.258370,0
0.219699,0.205615,0
0.252178,0.189919,0
0.208650,0.023483,0
0.124411,0.307625,0
0.179503,0.227084,0
0.236780,0.134702,0
0.107417,0.249436,0
0.180962,0.112733,0
0.250466,0.288377,0
0.254052,0.378448,0
0.282769,0.208730,0
0.063688,0.142581,0
0.187449,0.298362,0
0.132954,0.254395,0
0.197904,0.122028,0
0.267609,0.305089,0
0.261364,0.090907,0
0.245139,0.344481,0
0.196298,0.270786,0
0.236420,0.080705,0
0.225848,0.239566,0
0.243767,0.218293,0
0.261974,0.261811,0
0.257123,0.310998,0
0.263333,0.230429,0
0.188783,0.124060,0
0.160908,0.215630,0
0.183947,0.175623,0
0.192829,0.157313,0
0.146948,0.211405,0
0.192010,0.140075,0
0.164486,0.182683,0
0.234719,0.135095,0
0.219108,0.183825,0
0.248606,0.136112,0
0.252610,0.193282,0
0.264707,0.223371,0
0.293609,0.215451,0
0.330368,0.273413,0
0.158222,0.231126,0
0.187232,0.250357,0
0.232267,0.219029,0
0.160299,0.207728,0
0.190831,0.182445,0
0.181566,0.212451,0
0.101162,0.284102,0
0.185429,0.174498,0
0.326642,0.097564,0
0.196053,0.000815,0
0.252749,0.252875,0
0.073961,0.145503,0
0.215890,0.162932,0
0.252126,0.275815,0
0.318815,0.144673,0
0.146267,0.282931,0
0.244046,0.237065,0
0.235742,0.202389,0
0.273010,0.308741,0
0.325447,0.281100,0
0.264575,0.144680,0
0.100928,0.232788,0
0.261475,0.177258,0
0.128105,0.189034,0
0.193688,0.179663,0
0.168209,0.200257,0
0.290338,0.128073,0
0.133549,0.174095,0
0.263570,0.180058,0
0.233469,0.180801,0
0.172474,0.254523,0
0.146564,0.245531,0
0.284706,0.068302,0
0.264380,0.187902,0
0.255330,0.203767,0
0.293401,0.202227,0
0.177513,0.131859,0
0.227744,0.223739,0
0.196752,0.160444,0
0.220072,0.167441,0
0.227316,0.180680,0
0.207819,0.234726,0
0.231628,0.322010,0
0.131435,0.111295,0
0.232894,0.351699,0
0.216277,0.262264,0
0.276371,0.331135,0
0.155149,0.259660,0
0.194448,0.096037,0
0.215475,0.190910,0
0.149975,0.209719,0
0.289243,0.207845,0
0.244249,0.246656,0
0.224462,0.245490,0
0.210379,0.342940,0
0.206099,0.190780,0
0.098520,0.255158,0
0.285417,0.266990,0
0.289879,0.234407,0
0.212550,0.182801,0
0.255701,0.185256,0
0.247433,0.224780,0
0.263727,0.114500,0
0.210207,0.148260,0
0.186475,0.084702,0
0.171938,0.254910,0
0.264366,0.300304,0
0.235381,0.211735,0
0.126774,0.256777,0
0.118665,0.234389,0
0.157304,0.276682,0
0.101393,0.239584,0
0.280522,0.120188,0
0.264758,0.158614,0
0.196345,0.192692,0
0.242346,0.222552,0
0.099523,0.359056,0
0.155417,0.150714,0
0.213286,0.122445,0
0.249925,0.208025,0
0.140657,0.195465,0
0.213966,0.230176,0
0.190570,0.120161,0
0.272747,0.274059,0
0.198100,0.231004,0
0.333530,0.209258,0
0.167320,0.057112,0
0.278608,0.108021,0
0.079475,0.183794,0
0.259242,0.209825,0
0.150568,0.166539,0
0.222429,0.223639,0
0.204548,0.127437,0
0.186274,0.163472,0
0.233895,0.069866,0
0.160289,0.166239,0
0.176789,0.267090,0
0.200323,0.198522,0
0.219230,0.350212,0
0.134349,0.338890,0
0.244890,0.230799,0
0.153708,0.314223,0
0.181073,0.189593,0
0.085344,0.322593,0
0.235105,0.187723,0
0.085177,0.217101,0
0.162868,0.263931,0
0.086808,0.234577,0
0.206117,0.311780,0
0.253227,0.208960,0
0.280305,0.197552,0
0.190333,0.198932,0
0.138187,0.157110,0
0.191577,0.304003,0
0.146963,0.160877,0
0.221893,0.217881,0
0.262577,0.138148,0
0.244814,0.341531,0
0.281718,0.309514,0
0.241782,0.216852,0
0.216133,0.183829,0
0.279711,0.313597,0
0.136736,0.214470,0
0.261518,0.254321,0
0.303142,0.224617,0
0.319014,0.173080,0
0.235770,0.056324,0
0.147314,0.233507,0
0.224629,0.290588,0
0.105647,0.112565,0
0.094114,0.280137,0
0.215145,0.179094,0
0.222481,0.180562,0
0.065397,0.179819,0
0.214813,0.083863,0
0.228042,0.101810,0
0.355904,0.140824,0
0.184729,0.143298,0
0.219696,0.205989,0
0.235218,0.177308,0
0.198348,0.172631,0
0.143699,0.102419,0
0.243946,0.287596,0
0.179184,0.239182,0
0.243277,0.247599,0
0.117112,0.233733,0
0.187736,0.317180,0
0.207463,0.222501,0
0.213165,0.217461,0
0.082593,0.050026,0
0.230274,0.307474,0
0.183808,0.235804,0
0.302221,0.201782,0
0.181429,0.124783,0
0.217989,0.274782,0
0.265303,0.216997,0
0.277705,0.056663,0
0.239531,0.157169,0
0.137021,0.181260,0
0.172836,0.198024,0
0.266812,0.150275,0
0.090565,0.286873,0
0.183516,0.207464,0
0.318571,0.220732,0
0.222575,0.248673,0
0.305110,0.243816,0
0.228288,0.126179,0
0.218601,0.246964,0
0.205021,0.187650,0
0.240404,0.185822,0
0.302299,0.263348,0
0.223585,0.252410,0
0.223067,0.292035,0
0.279836,0.197677,0
0.201186,0.323255,0
0.196706,0.127914,0
0.220076,0.303921,0
0.260767,0.198230,0
0.172342,0.216101,0
0.276125,0.279671,0
0.281358,0.294504,0
0.305166,0.315341,0
0.305322,0.209794,0
0.271421,0.143624,0
0.105127,0.081711,0
0.225194,0.115537,0
0.248848,0.190279,0
0.129389,0.048797,0
0.084168,0.215758,0
0.221546,0.102930,0
0.212579,0.094857,0
0.118756,0.262944,0
0.087963,0.244586,0
0.187739,0.203293,0
0.273308,0.148484,0
0.266711,0.332666,0
0.164595,0.244835,0
0.252002,0.159201,0
0.034334,0.218168,0
0.132528,0.269896,0
0.227157,0.161189,0
0.113597,0.345537,0
0.162636,0.180583,0
0.164054,0.129856,0
0.316748,0.137828,0
0.257744,0.230757,0
0.155038,0.174850,0
0.164245,0.213585,0
0.192419,0.213337,0
0.166920,0.199298,0
0.180110,0.127360,0
0.194444,0.267767,0
0.227516,0.279197,0
0.178428,0.247273,0
0.120756,0.261931,0
0.300144,0.151852,0
0.194216,0.185138,0
0.216437,0.077713,0
0.299034,0.358026,0
0.136765,0.138271,0
0.317890,0.161059,0
0.238218,0.302670,0
0.158780,0.260809,0
0.107970,0.237759,0
0.193944,0.252455,0
0.206939,0.209908,0
0.317241,0.209886,0
0.216350,0.262362,0
0.217018,0.139957,0
0.145004,0.247794,0
0.096649,0.222556,0
0.287367,0.177443,0
0.095621,0.200440,0
0.231858,0.247483,0
0.189438,0.186970,0
0.104996,0.240022,0
0.223221,0.277753,0
0.241410,0.242949,0
0.200869,0.164528,0
0.151109,0.144894,0
0.284663,0.136568,0
0.149734,0.232278,0
0.145786,0.262829,0
0.104894,0.130623,0
0.180774,0.224215,0
0.224361,0.210697,0
0.191776,0.209373,0
0.177072,0.233726,0
0.053304,0.201259,0
0.268134,0.207678,0
0.293624,0.220296,0
0.252566,0.257568,0
0.172856,0.292308,0
0.081333,0.256414,0
0.149287,0.217975,0
0.209491,0.348802,0
0.081857,0.202026,0
0.208174,0.112695,0
0.230626,0.080256,0
0.138593,0.255717,0
0.294066,0.117981,0
0.255804,0.227240,0
0.085282,0.299721,0
0.295149,0.105184,0
0.294924,0.259342,0
0.156719,0.259233,0
0.225037,0.273859,0
0.328195,0.304595,0
0.163926,0.255047,0
0.137824,0.260446,0
0.279892,0.211839,0
0.221577,0.331728,0
0.236685,0.175667,0
0.225938,0.207163,0
0.200188,0.210144,0
0.160947,0.156918,0
0.163542,0.181560,0
0.309490,0.264806,0
0.149228,0.282622,0
0.156065,0.197405,0
0.176883,0.145636,0
0.227174,0.195164,0
0.127285,0.251346,0
0.286327,0.246310,0
0.261591,0.189829,0
0.147958,0.259312,0
0.189157,0.245387,0
0.111328,0.320730,0
0.246466,0.169538,0
0.184000,0.300246,0
0.099062,0.178642,0
0.153650,0.164526,0
0.135560,0.216294,0
0.171119,0.257027,0
0.146782,0.163055,0
0.112098,0.311463,0
0.144804,0.261308,0
0.329109,0.231258,0
0.193064,0.224051,0
0.240668,0.219903,0
0.142021,0.164087,0
0.305141,0.258426,0
0.223401,0.165788,0
0.126795,0.342071,0
0.271961,0.189317,0
0.251123,0.204167,0
0.326033,0.271344,0
0.207625,0.339093,0
0.205571,0.348108,0
0.196873,0.239621,0
0.234045,0.190605,0
0.303133,0.185349,0
0.182276,0.242724,0
0.093935,0.153347,0
0.239388,0.182094,0
0.179773,0.047267,0
0.240768,0.178957,0
0.214581,0.261565,0
0.282808,0.199712,0
0.135958,0.181637,0
0.223271,0.356831,0
0.162978,0.174804,0
0.231480,0.292471,0
0.185789,0.238974,0
0.208034,0.228855,0
0.233372,0.205951,0
0.144717,0.276965,0
0.222451,0.192780,0
0.202105,0.175664,0
0.296101,0.195282,0
0.158439,0.246626,0
0.244977,0.265410,0
0.124915,0.199924,0
0.263043,0.183569,0
0.168553,0.167711,0
0.289861,0.171466,0
0.282930,0.199966,0
0.242670,0.145072,0
0.187396,0.334067,0
0.236271,0.187424,0
0.245843,0.237161,0
0.128825,0.104096,0
0.317791,0.140793,0
0.200324,0.276386,0
0.150487,0.413232,0
0.258863,0.290647,0
0.293967,0.075134,0
0.203588,0.186001,0
0.236381,0.247945,0
0.206938,0.155223,0
0.213222,0.338523,0
0.317368,0.183729,0
0.158668,0.232803,0
0.355425,0.141987,0
0.235337,0.243570,0
0.232029,0.181832,0
0.145762,0.172076,0
0.140907,0.189628,0
0.261883,0.319082,0
0.152992,0.175768,0
0.258887,0.211262,0
0.115249,0.143286,0
0.247120,0.180772,0
0.261693,0.171725,0
0.198334,0.314820,0
0.289268,0.210304,0
0.227761,0.183694,0
0.225358,0.200225,0
0.139767,0.141581,0
0.145314,0.178205,0
0.231848,0.249115,0
0.284338,0.174466,0
0.091729,0.195179,0
0.190144,0.195977,0
0.317716,0.151063,0
0.188256,0.132451,0
0.221017,0.176968,0
0.246365,0.207601,0
0.229842,0.232195,0
0.195050,0.251911,0
0.262949,0.265851,0
0.223230,0.333881,0
0.273066,0.200506,0
0.251198,0.092778,0
0.114574,0.291043,0
0.171053,0.337360,0
0.179267,0.215312,0
0.208162,0.282762,0
0.143648,0.189006,0
0.081526,0.287191,0
0.239131,0.221199,0
0.168170,0.153495,0
0.233241,0.208872,0
0.292251,0.223717,0
0.198473,0.194234,0
0.123763,0.134653,0
0.088757,0.221483,0
0.346301,0.218437,0
0.250637,0.101233,0
0.336002,0.158681,0
0.197268,0.235417,0
0.174025,0.195686,0
0.129883,0.219466,0
0.253345,0.236618,0
0.186287,0.243676,0
0.173782,0.299206,0
0.149789,0.162876,0
0.175936,0.225244,0
0.242681,0.205044,0
0.114342,0.187857,0
0.245039,0.229070,0
0.286004,0.271974,0
0.194572,0.277171,0
0.283235,0.280938,0
0.240855,0.220937,0
0.151908,0.096394,0
0.191712,0.264164,0
0.146516,0.252529,0
0.115140,0.192167,0
0.224490,0.142553,0
0.121350,0.135684,0
0.131531,0.242938,0
0.275856,0.211086,0
0.202455,0.077661,0
0.113311,0.165629,0
0.171116,0.156922,0
0.205244,0.180646,0
0.280947,0.224803,0
0.234346,0.225800,0
0.244972,0.165086,0
0.221981,0.093489,0
0.176364,0.135764,0
0.118407,0.109822,0
0.265343,0.241423,0
0.254623,0.111123,0
0.159007,0.363588,0
0.239485,0.145020,0
0.221603,0.226853,0
0.114886,0.148069,0
0.238184,0.093167,0
0.161905,0.163222,0
0.255529,0.222062,0
0.178489,0.394419,0
0.175583,0.231309,0
0.175395,0.227614,0
0.294102,0.168709,0
0.288688,0.222667,0
0.173472,0.264258,0
0.242527,0.169328,0
0.228875,0.238400,0
0.174535,0.308771,0
0.136814,0.102720,0
0.285199,0.179108,0
0.211156,0.149134,0
0.132852,0.133565,0
0.222255,0.287161,0
0.162423,0.183528,0
0.108973,0.203596,0
0.171663,0.333468,0
0.178600,0.211359,0
0.133808,0.163314,0
0.214173,0.168585,0
0.124209,0.239654,0
0.161687,0.198188,0
0.122291,0.109238,0
0.323491,0.006825,0
0.244127,0.256289,0
0.250470,0.173517,0
0.259854,0.146958,0
0.215086,0.111490,0
0.128122,0.153938,0
0.208638,0.336867,0
0.224837,0.259952,0
0.172225,0.137130,0
0.265672,0.163229,0
0.201385,0.228738,0
0.121300,0.290788,0
0.248143,0.193261,0
0.281614,0.167028,0
0.247348,0.078167,0
0.273598,0.081089,0
0.219300,0.247471,0
0.154172,0.197746,0
0.197280,0.131011,0
0.293780,0.217582,0
0.147420,0.193899,0
0.145745,0.272278,0
0.214648,0.442788,0
0.324950,0.221542,0
0.118953,0.061847,0
0.096152,0.221262,0
0.187125,0.213243,0
0.094324,0.185275,0
0.114604,0.242790,0
0.159939,0.257704,0
0.227187,0.278883,0
0.140514,0.299306,0
0.214809,0.330548,0
0.143955,0.332245,0
0.169294,0.157855,0
0.276251,0.219524,0
0.246904,0.098133,0
0.197152,0.222688,0
0.118382,0.237055,0
0.214303,0.324211,0
0.280367,0.247063,0
0.182251,0.278064,0
0.242668,0.258504,0
0.193076,0.167257,0
0.149625,0.042136,0
0.135086,0.115480,0
0.195565,0.132064,0
0.350910,0.128959,0
0.186606,0.081299,0
0.275503,0.233257,0
0.181318,0.198034,0
0.225815,0.124426,0
0.335752,0.204659,0
0.220790,0.213693,0
0.169471,0.216090,0
0.274644,0.199459,0
0.174313,0.188404,0
0.221777,0.244810,0
0.234488,0.209050,0
0.135398,0.270878,0
0.225737,0.185501,0
0.269035,0.362930,0
0.207438,0.267006,0
0.222648,0.200980,0
0.088845,0.175342,0
0.143003,0.181542,0
0.218326,0.252834,0
0.265698,0.122341,0
0.131979,0.155788,0
0.269132,0.187552,0
0.154190,0.247980,0
0.259011,0.194638,0
0.212207,0.165235,0
0.198208,0.350304,0
0.171197,0.135162,0
0.067612,0.137302,0
0.290200,0.193737,0
0.206167,0.154287,0
0.260351,0.161559,0
0.266636,0.226866,0
0.273314,0.172714,0
0.144825,0.216593,0
0.324702,0.104019,0
0.267980,0.211521,0
0.252655,0.177800,0
0.341649,0.231473,0
0.167506,0.157919,0
0.216956,0.118489,0
0.197301,0.208254,0
0.199038,0.157931,0
0.275591,0.286369,0
0.191234,0.251302,0
0.192905,0.233357,0
0.192586,0.280678,0
0.079521,0.208489,0
0.175417,0.307083,0
0.301729,0.205568,0
0.176234,0.205303,0
0.339360,0.168870,0
0.251328,0.232593,0
0.255231,0.089698,0
0.126051,0.240851,0
0.186145,0.080820,0
0.218234,0.354606,0
0.154882,0.190507,0
0.284788,0.238868,0
0.087820,0.290520,0
0.104390,0.110925,0
0.200010,0.308741,0
0.208609,0.194725,0
0.236631,0.115107,0
0.308735,0.214817,0
0.258860,0.313229,0
0.181174,0.189025,0
0.361717,0.148113,0
0.212423,0.243130,0
0.177471,0.215548,0
0.250453,0.239724,0
0.255681,0.172426,0
0.161714,0.165600,0
0.201852,0.254080,0
0.113139,0.197204,0
0.175692,0.270213,0
0.201573,0.217069,0
0.165168,0.098806,0
0.128742,0.208635,0
0.192811,0.230133,0
0.227019,0.226698,0
0.249924,0.199654,0
0.255143,0.283681,0
0.214205,0.205793,0
0.196576,0.211424,0
0.168563,0.215982,0
0.214755,0.134380,0
0.204776,0.222327,0
0.159398,0.222380,0
0.218974,0.192231,0
0.224534,0.157278,0
0.097263,0.157482,0
0.173410,0.239206,0
0.288683,0.075748,0
0.238027,0.286434,0
0.227008,0.175631,0
0.210936,0.248174,0
0.177734,0.187733,0
0.236074,0.240337,0
0.236521,0.275213,0
0.178895,0.244150,0
0.194113,0.325171,0
0.153306,0.106204,0
0.275015,0.206266,0
0.215454,0.116434,0
0.145448,0.166730,0
0.211397,0.245646,0
0.229352,0.301003,0
0.144531,0.199136,0
0.116622,0.218182,0
0.294007,0.054378,0
0.127059,0.199274,0
0.321265,0.159823,0
0.159677,0.156656,0
0.302197,0.178697,0
0.250843,0.255119,0
0.326856,0.226897,0
0.209002,0.329693,0
0.260576,0.165583,0
0.316375,0.182164,0
0.241539,0.163588,0
0.270489,0.180971,0
0.201006,0.209757,0
0.182113,0.273069,0
0.136139,0.184574,0
0.269210,0.136041,0
0.092834,0.227997,0
0.201223,0.204707,0
0.121516,0.257283,0
0.142001,0.281317,0
0.190430,0.186812,0
0.217981,0.312012,0
0.160288,0.242747,0
0.138377,0.232666,0
0.289703,0.194738,0
0.259909,0.185260,0
0.266201,0.227086,0
0.309539,0.175794,0
0.297328,0.165242,0
0.278814,0.207461,0
0.128056,0.250729,0
0.198591,0.151590,0
0.297406,0.213968,0
0.254929,0.218433,0
0.252811,0.061317,0
0.261145,0.239536,0
0.230669,0.204503,0
0.140356,0.320164,0
0.148393,0.145292,0
0.282168,0.210414,0
0.248492,0.157462,0
0.262130,0.148097,0
0.276764,0.258052,0
0.207911,0.059934,0
0.209198,0.271245,0
0.207040,0.106530,0
0.275731,0.278843,0
0.192315,0.179691,0
0.141491,0.073728,0
0.091448,0.205042,0
0.200613,0.181263,0
0.193558,0.228303,0
0.173205,0.176350,0
0.332557,0.142536,0
0.177612,0.407755,0
0.125505,0.320079,0
0.266704,0.150042,0
0.162971,0.130425,0
0.256752,0.205450,0
0.210310,0.207017,0
0.161744,0.146349,0
0.319567,0.208256,0
0.143202,0.282541,0
0.216424,0.187461,0
0.239969,0.134239,0
0.200975,0.220263,0
0.228387,0.234103,0
0.155533,0.220517,0
0.178592,0.246082,0
0.146963,0.209051,0
0.154757,0.248160,0
0.222755,0.170770,0
0.082281,0.214924,0
0.218773,0.254408,0
0.097496,0.292982,0
0.182601,0.261976,0
0.178525,0.217287,0
0.092613,0.215302,0
0.242789,0.198955,0
0.156641,0.225725,0
0.198372,0.289950,0
0.239825,0.185872,0
0.202937,0.282568,0
0.239562,0.283261,0
0.117279,0.191307,0
0.245549,0.189772,0
0.151282,0.270896,0
0.245254,0.159000,0
0.191153,0.110584,0
0.150419,0.204065,0
0.138945,0.157082,0
0.182819,0.203624,0
0.204373,0.266427,0
0.245781,0.077259,0
0.218489,0.252290,0
0.214658,0.256835,0
0.208732,0.104099,0
0.243155,0.267319,0
0.237515,0.173726,0
0.090310,0.215667,0
0.263667,0.137523,0
0.117133,0.239973,0
0.396781,0.102132,0
0.079473,0.265884,0
0.240277,0.222690,0
0.189703,0.179742,0
0.173721,0.287325,0
0.256261,0.294621,0
0.245284,0.265696,0
0.158247,0.257190,0
0.214956,0.182378,0
0.282974,0.230557,0
0.354227,0.146851,0
0.150689,0.147189,0
0.182333,0.129979,0
0.196462,0.223212,0
0.241736,0.293459,0
0.266016,0.149242,0
0.051741,0.274982,0
0.087386,0.278409,0
0.198032,0.317632,0
0.214098,0.163177,0
0.273324,0.391933,0
0.259435,0.323675,0
0.224519,0.187446,0
0.261054,0.205690,0
0.210792,0.314659,0
0.169204,0.103080,0
0.156093,0.382971,0
0.164338,0.248947,0
0.276120,0.274592,0
0.195451,0.116344,0
0.152182,0.265195,0
0.293956,0.260767,0
0.177876,0.250671,0
0.083351,0.154067,0
0.218020,0.184687,0
0.246646,0.172275,0
0.225830,0.177485,0
0.328224,0.066279,0
0.185328,0.231439,0
0.159437,0.318049,0
0.282788,0.244666,0
0.112432,0.256882,0
0.208102,0.330061,0
0.069841,0.176089,0
0.122246,0.170349,0
0.220881,0.302931,0
0.239750,0.164505,0
0.259636,0.248368,0
0.326949,0.170497,0
0.252112,0.245229,0
0.204405,0.322271,0
0.236651,0.201479,0
0.173647,0.180768,0
0.184918,0.157203,0
0.285745,0.214131,0
0.229684,0.035819,0
0.244457,0.203037,0
0.211096,0.344101,0
0.170220,0.272134,0
0.199487,0.151212,0
0.252054,0.230282,0
0.231580,0.238266,0
0.147685,0.120769,0
0.278387,0.174298,0
0.152605,0.121965,0
0.252807,0.200942,0
0.155359,0.147414,0
0.269975,0.162383,0
0.185720,0.097375,0
0.270868,0.271906,0
0.216591,0.115138,0
0.172282,0.203835,0
0.166761,0.198954,0
0.200113,0.199035,0
0.155101,0.220311,0
0.220713,0.189926,0
0.200106,0.330808,0
0.110397,0.232049,0
0.181929,0.198873,0
0.221904,0.155310,0
0.097273,0.273896,0
0.227198,0.124765,0
0.209321,0.200404,0
0.276337,0.185754,0
0.200340,0.105699,0
0.254778,0.230815,0
0.241628,0.197136,0
0.191272,0.241441,0
0.252458,0.207492,0
0.211281,0.143855,0
0.224687,0.205231,0
0.311935,0.202291,0
0.215507,0.047375,0
0.087553,0.238774,0
0.192357,0.203046,0
0.140356,0.234062,0
0.187074,0.239890,0
0.187337,0.310851,0
0.233176,0.270696,0
0.161081,0.195910,0
0.170917,0.283494,0
0.253302,0.229497,0
0.200691,0.155818,0
0.158259,0.244808,0
0.248193,0.188533,0
0.315286,0.299896,0
0.229494,0.301013,0
0.221476,0.190380,0
0.237154,0.148717,0
0.268940,0.169544,0
0.241172,0.187546,0
0.281972,0.182098,0
0.239943,0.124762,0
0.328271,0.140419,0
0.208409,0.150805,0
0.144088,0.223181,0
0.310064,0.267030,0
0.176669,0.280513,0
0.250067,0.142839,0
0.120889,0.227468,0
0.188487,0.244281,0
0.262833,0.222026,0
0.185620,0.150454,0
0.071827,0.279235,0
0.216122,0.218490,0
0.290122,0.077104,0
0.182599,0.151434,0
0.250715,0.254943,0
0.278433,0.239927,0
0.114739,0.206712,0
0.167531,0.202758,0
0.217628,0.310278,0
0.145070,0.206822,0
0.205171,0.192897,0
0.138839,0.196514,0
0.249912,0.219519,0
0.280013,0.234166,0
0.234280,0.170615,0
0.179424,0.192592,0
0.087083,0.229317,0
0.328412,0.192630,0
0.125324,0.170944,0
0.164215,0.123221,0
0.203473,0.239869,0
0.121721,0.280790,0
0.184104,0.193816,0
0.159173,0.263612,0
0.234219,0.325302,0
0.312570,0.281558,0
0.218545,0.189678,0
0.262877,0.069560,0
0.230606,0.174088,0
0.139001,0.183968,0
0.201438,0.106648,0
0.180119,0.143517,0
0.306215,0.125135,0
0.267384,0.063821,0
0.187658,0.117160,0
0.096660,0.144127,0
0.322121,0.271157,0
0.184465,0.237183,0
0.248835,0.201128,0
0.178715,0.156788,0
0.291333,0.105300,0
0.170807,0.222615,0
0.178231,0.179260,0
0.245644,0.376045,0
