0.579170,0.819156,1
0.674541,0.562297,1
0.735913,0.646515,1
0.895834,0.611533,1
0.773647,0.763013,1
0.959798,0.849001,1
0.714427,0.736342,1
0.551774,0.579824,1
0.724338,0.631891,1
0.663065,0.602501,1
0.884754,0.630843,1
0.772310,0.820444,1
0.560076,0.545478,1
0.773396,0.677998,1
0.813899,0.451417,1
0.630790,0.617837,1
0.701265,0.756954,1
0.662473,0.669737,1
0.783422,0.642221,1
0.536873,0.673176,1
0.731362,0.786692,1
0.729853,0.705144,1
0.706876,0.603886,1
0.677702,0.712825,1
0.720000,0.742922,1
0.737462,0.714548,1
0.661832,0.659256,1
0.718350,0.557770,1
0.663899,0.624611,1
0.723133,0.573474,1
0.735677,0.417847,1
0.563457,0.732435,1
0.744894,0.662700,1
0.756302,0.754700,1
0.597309,0.798304,1
0.706375,0.423714,1
0.625525,0.574807,1
0.683221,0.733978,1
0.709218,0.552285,1
0.616738,0.785182,1
0.615103,0.691417,1
0.533640,0.637106,1
0.804043,0.733306,1
0.674027,0.737372,1
0.797089,0.633514,1
0.671925,0.711060,1
0.610457,0.926077,1
0.627178,0.579083,1
0.739029,0.582950,1
0.725071,0.591819,1
0.518864,0.504500,1
0.647287,0.695186,1
0.725653,0.603535,1
0.709987,0.660446,1
0.714546,0.589416,1
0.551113,0.653544,1
0.741224,0.576087,1
0.694015,0.743211,1
0.635671,0.631424,1
0.633656,0.666115,1
0.789694,0.732453,1
0.764618,0.747119,1
0.551285,0.654410,1
0.677713,0.570152,1
0.773497,0.691771,1
0.733669,0.680108,1
0.810332,0.421739,1
0.821325,0.783635,1
0.618482,0.521828,1
0.491192,0.605669,1
0.647810,0.695903,1
0.575620,0.585483,1
0.590204,0.625936,1
0.681046,0.628160,1
0.577803,0.766890,1
0.687462,0.531865,1
0.787188,0.698694,1
0.542134,0.649358,1
0.608863,0.625318,1
0.799221,0.845708,1
0.610504,0.740754,1
0.535152,0.758808,1
0.632324,0.626400,1
0.752055,0.849596,1
0.746945,0.661095,1
0.700651,0.684294,1
0.756335,0.651505,1
0.681211,0.671659,1
0.697868,0.690849,1
0.844777,0.558188,1
0.581127,0.778086,1
0.707555,0.736518,1
0.635056,0.652928,1
0.700828,0.557178,1
0.646148,0.644340,1
0.706668,0.643429,1
0.718367,0.621792,1
0.696595,0.609187,1
0.507054,0.708059,1
0.674346,0.761722,1
0.642879,0.651516,1
0.624248,0.589077,1
0.750379,0.647975,1
0.765525,0.639468,1
0.743782,0.723384,1
0.577228,0.764926,1
0.589797,0.507352,1
0.844819,0.676622,1
0.681313,0.587961,1
0.741035,0.668239,1
0.695823,0.682540,1
0.625423,0.814118,1
0.631081,0.711050,1
0.605061,0.666799,1
0.699147,0.719127,1
0.778584,0.835074,1
0.621476,0.751739,1
0.592027,0.549260,1
0.669035,0.512811,1
0.727830,0.392449,1
0.576053,0.716264,1
0.579626,0.790080,1
0.728534,0.643008,1
0.597085,0.582957,1
0.586541,0.647779,1
0.595920,0.508602,1
0.637551,0.619610,1
0.722608,0.645869,1
0.671378,0.633070,1
0.524044,0.663134,1
0.697361,0.653903,1
0.812113,0.645925,1
0.794960,0.495889,1
0.675499,0.745584,1
0.748549,0.474424,1
0.571453,0.634702,1
0.707232,0.705171,1
0.720444,0.937057,1
0.615447,0.534266,1
0.699068,0.615291,1
0.781970,0.523050,1
0.584572,0.480279,1
0.800415,0.753115,1
0.765465,0.567775,1
0.604481,0.450763,1
0.851452,0.687116,1
0.801774,0.415835,1
0.553690,0.651144,1
0.677316,0.653848,1
0.598122,0.693344,1
0.582965,0.593112,1
0.652216,0.611540,1
0.854408,0.492026,1
0.632396,0.646965,1
0.680881,0.688004,1
0.759387,0.538773,1
0.715314,0.693147,1
0.636406,0.577381,1
0.686943,0.781455,1
0.752856,0.686844,1
0.754198,0.501309,1
0.491043,0.780504,1
0.600566,0.463208,1
0.701758,0.624663,1
0.523453,0.732778,1
0.609800,0.481983,1
0.611965,0.740419,1
0.750946,0.718698,1
0.626125,0.666576,1
0.678462,0.506862,1
0.837032,0.777803,1
0.597318,0.604790,1
0.578308,0.632308,1
0.505476,0.709833,1
0.725074,0.803578,1
0.728808,0.748000,1
0.586178,0.629357,1
0.703550,0.813398,1
0.736706,0.576628,1
0.719259,0.704166,1
0.568765,0.567351,1
0.538118,0.424353,1
0.718656,0.910943,1
0.640826,0.608277,1
0.597244,0.819646,1
0.708445,0.682949,1
0.600030,0.641769,1
0.760224,0.696087,1
0.668441,0.633052,1
0.625214,0.544833,1
0.665414,0.584971,1
0.741908,0.788502,1
0.654325,0.759270,1
0.834193,0.860971,1
0.678526,0.651272,1
0.738302,0.690156,1
0.694625,0.618456,1
0.646747,0.644351,1
0.846422,0.690574,1
0.699488,0.792909,1
0.711953,0.588919,1
0.628479,0.653793,1
0.666902,0.715084,1
0.628753,0.833190,1
0.659878,0.633707,1
0.784615,0.846424,1
0.892368,0.606620,1
0.652727,0.562566,1
0.589490,0.690762,1
0.698784,0.490402,1
0.625808,0.426899,1
0.572154,0.765513,1
0.711938,0.612448,1
0.795177,0.657783,1
0.662402,0.553583,1
0.759406,0.662062,1
0.557739,0.887145,1
0.721190,0.744916,1
0.640532,0.673152,1
0.652504,0.700336,1
0.924129,0.735828,1
0.516128,0.787477,1
0.707756,0.722541,1
0.704757,0.610561,1
0.794022,0.504682,1
0.773646,0.883395,1
0.633290,0.610879,1
0.646167,0.675202,1
0.500760,0.780254,1
0.595941,0.795788,1
0.425279,0.791967,1
0.688646,0.557643,1
0.745357,0.771409,1
0.622248,0.736642,1
0.604420,0.639567,1
0.627786,0.485827,1
0.860757,0.631675,1
0.629289,0.553048,1
0.630553,0.607431,1
0.726251,0.532023,1
0.646688,0.749239,1
0.572718,0.645146,1
0.625194,0.671328,1
0.512762,0.693687,1
0.631411,0.598998,1
0.606130,0.602078,1
0.760693,0.686206,1
0.612698,0.624168,1
0.647079,0.456253,1
0.626905,0.558719,1
0.661112,0.649501,1
0.639346,0.555630,1
0.691788,0.627302,1
0.723068,0.540363,1
0.632096,0.600526,1
0.937171,0.482082,1
0.710431,0.635748,1
0.600336,0.574468,1
0.798699,0.660423,1
0.669671,0.687764,1
0.635608,0.535464,1
0.609870,0.473854,1
0.621158,0.849289,1
0.747033,0.743464,1
0.680937,0.740435,1
0.769123,0.590636,1
0.660861,0.740938,1
0.642998,0.712782,1
0.837236,0.590528,1
0.730445,0.820269,1
0.724557,0.626136,1
0.646977,0.610903,1
0.692627,0.565875,1
0.729397,0.556380,1
0.579679,0.730149,1
0.573884,0.728383,1
0.607894,0.855855,1
0.739405,0.580805,1
0.757921,0.789523,1
0.630195,0.823121,1
0.709642,0.744812,1
0.617321,0.799623,1
0.652830,0.672930,1
0.780642,0.581350,1
0.615804,0.688935,1
0.608862,0.581469,1
0.603153,0.585847,1
0.834075,0.768342,1
0.787730,0.651139,1
0.698311,0.558265,1
0.769964,0.757098,1
0.681549,0.670630,1
0.670803,0.698877,1
0.732579,0.687257,1
0.611381,0.774076,1
0.672923,0.494019,1
0.897655,0.671074,1
0.701352,0.714305,1
0.746874,0.532256,1
0.601788,0.683221,1
0.521662,0.447094,1
0.741845,0.625182,1
0.787414,0.707633,1
0.637304,0.661118,1
0.851424,0.626123,1
0.546576,0.822490,1
0.652250,0.672710,1
0.610997,0.638810,1
0.647499,0.653168,1
0.617021,0.593248,1
0.527811,0.709731,1
0.590963,0.845804,1
0.738467,0.649998,1
0.382391,0.831449,1
0.657303,0.820938,1
0.760526,0.675050,1
0.687365,0.739645,1
0.646033,0.744581,1
0.614898,0.841611,1
0.559736,0.599640,1
0.790584,0.761726,1
0.879767,0.659191,1
0.650359,0.707357,1
0.655691,0.698362,1
0.780369,0.518699,1
0.720754,0.641487,1
0.756814,0.672094,1
0.650657,0.806715,1
0.765523,0.751153,1
0.672330,0.652737,1
0.573101,0.618342,1
0.756859,0.723924,1
0.553754,0.543881,1
0.570095,0.534810,1
0.628559,0.771044,1
0.672237,0.690154,1
0.714276,0.625710,1
0.892706,0.579673,1
0.683254,0.648701,1
0.572390,0.615364,1
0.761318,0.630231,1
0.503939,0.545531,1
0.747012,0.683423,1
0.619010,0.645769,1
0.709316,0.694314,1
0.613841,0.656875,1
0.842512,0.626951,1
0.687418,0.766194,1
0.557257,0.599993,1
0.783222,0.766247,1
0.604087,0.693030,1
0.629321,0.765297,1
0.754673,0.902867,1
0.685651,0.682890,1
0.689085,0.617501,1
0.834121,0.520051,1
0.636512,0.558687,1
0.652780,0.555243,1
0.756311,0.597350,1
0.747401,0.606654,1
0.793097,0.902336,1
0.604126,0.665727,1
0.868111,0.693551,1
0.728145,0.680608,1
0.732505,0.556349,1
0.662152,0.533704,1
0.555671,0.544749,1
0.685682,0.751854,1
0.544809,0.419620,1
0.816390,0.702701,1
0.715884,0.563870,1
0.696112,0.827623,1
0.649550,0.638395,1
0.612008,0.655850,1
0.844217,0.544595,1
0.596734,0.612671,1
0.633595,0.486316,1
0.619577,0.823841,1
0.613945,0.465025,1
0.617047,0.739391,1
0.629468,0.602979,1
0.621611,0.639076,1
0.632436,0.560713,1
0.726630,0.662349,1
0.723260,0.570085,1
0.760373,0.442040,1
0.696629,0.677827,1
0.686093,0.622666,1
0.670378,0.603766,1
0.557871,0.644685,1
0.586955,0.615087,1
0.623401,0.630617,1
0.533122,0.620368,1
0.792368,0.664761,1
0.646589,0.661549,1
0.574658,0.618700,1
0.740157,0.722605,1
0.696725,0.780317,1
0.724891,0.594460,1
0.683305,0.728809,1
0.709307,0.720773,1
0.693215,0.634492,1
0.760835,0.537882,1
0.545421,0.586795,1
0.910364,0.672181,1
0.785596,0.654113,1
0.786685,0.673274,1
0.646429,0.706306,1
0.546978,0.594115,1
0.772492,0.693782,1
0.568784,0.640313,1
0.555813,0.710952,1
0.510191,0.576789,1
0.736581,0.790578,1
0.854736,0.597128,1
0.713210,0.541757,1
0.708764,0.541182,1
0.710125,0.764322,1
0.756465,0.514130,1
0.593470,0.338728,1
0.721500,0.667969,1
0.709981,0.833935,1
0.654280,0.713940,1
0.695932,0.783020,1
0.696392,0.658448,1
0.829883,0.689638,1
0.647044,0.595618,1
0.692521,0.707313,1
0.594548,0.641253,1
0.652638,0.554011,1
0.805081,0.535615,1
0.824331,0.551087,1
0.729349,0.703821,1
0.613214,0.658859,1
0.674154,0.702395,1
0.740374,0.457622,1
0.549300,0.541269,1
0.768999,0.618419,1
0.498775,0.670216,1
0.625845,0.702414,1
0.614443,0.564752,1
0.791303,0.740375,1
0.559839,0.673035,1
0.668515,0.919232,1
0.506837,0.642698,1
0.753305,0.565891,1
0.641889,0.452112,1
0.731161,0.624661,1
0.787988,0.778291,1
0.735138,0.757759,1
0.557998,0.496744,1
0.923185,0.568553,1
0.723646,0.527073,1
0.717654,0.483079,1
0.560573,0.923151,1
0.604107,0.632764,1
0.718735,0.706218,1
0.596669,0.746257,1
0.637651,0.613293,1
0.536123,0.502309,1
0.596319,0.566865,1
0.813267,0.525155,1
0.761027,0.664696,1
0.868618,0.829851,1
0.618606,0.689624,1
0.690408,0.771790,1
0.614683,0.712717,1
0.795930,0.566309,1
0.471294,0.715863,1
0.606386,0.737398,1
0.683239,0.653228,1
0.912200,0.658500,1
0.708565,0.670147,1
0.791280,0.718098,1
0.805878,0.806980,1
0.742835,0.690846,1
0.602123,0.567143,1
0.627192,0.613812,1
0.575717,0.592098,1
0.832565,0.664844,1
0.534369,0.866238,1
0.748972,0.614469,1
0.538327,0.792988,1
0.531281,0.685898,1
0.682176,0.732478,1
0.780480,0.590603,1
0.563174,0.753967,1
0.846620,0.703635,1
0.803834,0.737984,1
0.608193,0.578348,1
0.668126,0.815130,1
0.547996,0.699342,1
0.724405,0.704765,1
0.658626,0.713641,1
0.756597,0.686534,1
0.845608,0.665895,1
0.757604,0.604329,1
0.652915,0.731266,1
0.407903,0.725320,1
0.807334,0.688492,1
0.725393,0.717260,1
0.650188,0.588200,1
0.769505,0.434261,1
0.451022,0.696444,1
0.545414,0.732781,1
0.458190,0.708077,1
0.762925,0.776166,1
0.639274,0.619902,1
0.665446,0.442820,1
0.689565,0.818364,1
0.741269,0.512062,1
0.515625,0.581702,1
0.754686,0.720918,1
0.625903,0.569098,1
0.680731,0.886877,1
0.724056,0.732668,1
0.595006,0.976221,1
0.638885,0.801686,1
0.604030,0.748713,1
0.607575,0.762255,1
0.720535,0.677536,1
0.626789,0.666634,1
0.526301,0.686037,1
0.746430,0.706010,1
0.630809,0.738463,1
0.741878,0.786461,1
0.643598,0.545105,1
0.684355,0.816034,1
0.652567,0.721646,1
0.599845,0.513729,1
0.645917,0.394850,1
0.655359,0.485717,1
0.873641,0.677905,1
0.721201,0.610051,1
0.658084,0.576588,1
0.836340,0.665906,1
0.721504,0.586135,1
0.573349,0.773991,1
0.760909,0.637256,1
0.740093,0.739585,1
0.605500,0.756037,1
0.614982,0.461020,1
0.662115,0.641773,1
0.731764,0.789626,1
0.601666,0.702895,1
0.598393,0.891921,1
0.527530,0.569394,1
0.611849,0.918259,1
0.473509,0.595604,1
0.678003,0.892250,1
0.778090,0.718873,1
0.674232,0.727711,1
0.595670,0.748482,1
0.672225,0.747610,1
0.743645,0.633633,1
0.685629,0.542226,1
0.669040,0.800749,1
0.584571,0.684108,1
0.517555,0.725596,1
0.614380,0.616817,1
0.944727,0.701413,1
0.623706,0.517770,1
0.548502,0.638844,1
0.635568,0.622626,1
0.793833,0.561525,1
0.594173,0.568004,1
0.651608,0.680666,1
0.825620,0.630127,1
0.670933,0.624473,1
0.733166,0.526969,1
0.615865,0.749037,1
0.776197,0.616220,1
0.605914,0.585184,1
0.689981,0.729262,1
0.764244,0.636285,1
0.699770,0.556722,1
0.706837,0.581289,1
0.640724,0.836663,1
0.658546,0.640545,1
0.661891,0.755593,1
0.598166,0.628159,1
0.606916,0.748888,1
0.612371,0.631702,1
0.534960,0.709484,1
0.783458,0.580049,1
0.754678,0.769620,1
0.679207,0.870041,1
0.624932,0.679477,1
0.767377,0.762743,1
0.620296,0.708607,1
0.732972,0.590185,1
0.877458,0.672146,1
0.692597,0.695080,1
0.554509,0.819951,1
0.608736,0.602934,1
0.599307,0.737836,1
0.639039,0.602704,1
0.542224,0.688385,1
0.603610,0.753188,1
0.674754,0.600438,1
0.577837,0.719797,1
0.656752,0.808062,1
0.664485,0.575969,1
0.613291,0.558916,1
0.575056,0.560371,1
0.738791,0.570457,1
0.785818,0.626080,1
0.603132,0.620676,1
0.561385,0.791439,1
0.825135,0.727604,1
0.498505,0.723105,1
0.649574,0.733129,1
0.668454,0.629468,1
0.690232,0.739919,1
0.755077,0.667162,1
0.748348,0.733310,1
0.703767,0.619279,1
0.713253,0.619179,1
0.624943,0.689699,1
0.817246,0.589136,1
0.478517,0.713007,1
0.629880,0.643512,1
0.513328,0.646360,1
0.680358,0.658327,1
0.714331,0.761640,1
0.614423,0.690863,1
0.618365,0.679937,1
0.685815,0.655945,1
0.671380,0.625334,1
0.626004,0.517826,1
0.726071,0.542212,1
0.490506,0.537026,1
0.588895,0.744939,1
0.509767,0.777915,1
0.719649,0.557319,1
0.636768,0.715680,1
0.527936,0.748639,1
0.505244,0.806337,1
0.816467,0.693273,1
0.538156,0.743702,1
0.710840,0.713805,1
0.752207,0.779015,1
0.475639,0.780283,1
0.736373,0.923411,1
0.638462,0.889508,1
0.687437,0.669148,1
0.522019,0.670926,1
0.789552,0.550943,1
0.824031,0.653362,1
0.656608,0.548159,1
0.732881,0.611314,1
0.761137,0.708904,1
0.602434,0.738467,1
0.625323,0.622867,1
0.843600,0.633461,1
0.570160,0.673006,1
0.596577,0.823266,1
0.616405,0.734243,1
0.602553,0.774351,1
0.428682,0.562645,1
0.761118,0.789997,1
0.761382,0.612071,1
0.649145,0.648298,1
0.851060,0.617758,1
0.681188,0.490837,1
0.746168,0.613855,1
0.647096,0.676823,1
0.694300,0.559830,1
0.635916,0.872404,1
0.556707,0.660619,1
0.775088,0.696417,1
0.603305,0.452256,1
0.778649,0.767210,1
0.774433,0.559540,1
0.625713,0.524763,1
0.584443,0.695682,1
0.785267,0.616619,1
0.597639,0.664756,1
0.677884,0.802404,1
0.628535,0.493686,1
0.619717,0.629787,1
0.801633,0.742464,1
0.739058,0.604560,1
0.628413,0.649366,1
0.623849,0.723174,1
0.510097,0.608161,1
0.593811,0.606494,1
0.559994,0.760678,1
0.692858,0.775156,1
0.523974,0.759091,1
0.761418,0.671866,1
0.636802,0.654938,1
0.763959,0.671904,1
0.582760,0.650027,1
0.575877,0.880961,1
0.720839,0.658759,1
0.612892,0.752027,1
0.579870,0.661479,1
0.368860,0.513902,1
0.360595,0.769871,1
0.602300,0.820833,1
0.741183,0.577239,1
0.703584,0.820228,1
0.617252,0.700419,1
0.532224,0.876627,1
0.691988,0.612269,1
0.698383,0.663029,1
0.687372,0.555722,1
0.508367,0.570235,1
0.751567,0.715793,1
0.657867,0.524780,1
0.790434,0.755444,1
0.880574,0.865669,1
0.636048,0.809269,1
0.517906,0.794805,1
0.783352,0.622929,1
0.605985,0.494935,1
0.713765,0.654048,1
0.880372,0.741831,1
0.640828,0.740293,1
0.775042,0.555687,1
0.653560,0.675611,1
0.642915,0.634316,1
0.684282,0.721522,1
0.661263,0.745731,1
0.548701,0.664640,1
0.702363,0.568249,1
0.606939,0.535852,1
0.456813,0.721178,1
0.647726,0.754227,1
0.606541,0.749472,1
0.615647,0.726869,1
0.739724,0.760118,1
0.716003,0.653161,1
0.645202,0.633537,1
0.790345,0.680300,1
0.822469,0.655961,1
0.692184,0.601565,1
0.739629,0.711901,1
0.751501,0.662545,1
0.725611,0.659888,1
0.738804,0.620732,1
0.776245,0.429992,1
0.830598,0.685066,1
0.904635,0.621185,1
0.719458,0.483530,1
0.737506,0.844002,1
0.571790,0.535839,1
0.660254,0.696234,1
0.791492,0.464235,1
0.744864,0.573787,1
0.607557,0.832700,1
0.750267,0.621528,1
0.769776,0.621674,1
0.806249,0.664415,1
0.738671,0.862085,1
0.640821,0.627999,1
0.826213,0.667405,1
0.583246,0.560834,1
0.806495,0.635438,1
0.613146,0.772188,1
0.676770,0.574361,1
0.677119,0.592192,1
0.737752,0.679379,1
0.619988,0.693743,1
0.642581,0.691876,1
0.525210,0.593291,1
0.540719,0.828031,1
0.713723,0.563008,1
0.732076,0.595196,1
0.412337,0.748010,1
0.687076,0.551918,1
0.514278,0.487875,1
0.481459,0.689236,1
0.763595,0.636922,1
0.634760,0.465177,1
0.817663,0.899759,1
0.784010,0.577658,1
0.545434,0.730185,1
0.689287,0.681040,1
0.658043,0.855557,1
0.662855,0.580064,1
0.542066,0.651994,1
0.659962,0.501368,1
0.774806,0.722366,1
0.512050,0.816104,1
0.623565,0.723589,1
0.689920,0.742398,1
0.669582,0.778188,1
0.541729,0.538728,1
0.672507,0.596257,1
0.839886,0.626879,1
0.613352,0.762685,1
0.766210,0.558937,1
0.808527,0.690244,1
0.785525,0.703044,1
0.598935,0.619770,1
0.728973,0.766734,1
0.927513,0.557940,1
0.772221,0.786906,1
0.621406,0.827620,1
0.488854,0.766898,1
0.612972,0.709212,1
0.754645,0.583833,1
0.533914,0.664046,1
0.549222,0.704726,1
0.655299,0.672758,1
0.668366,0.634435,1
0.713913,0.550364,1
0.656914,0.708950,1
0.841459,0.720679,1
0.656435,0.489449,1
0.715179,0.614838,1
0.591769,0.728346,1
0.721517,0.694267,1
0.680391,0.785295,1
0.636784,0.764954,1
0.658564,0.653909,1
0.799992,0.718302,1
0.738815,0.664646,1
0.622151,0.609790,1
0.749923,0.658188,1
0.643757,0.628674,1
0.522075,0.809147,1
0.608582,0.594532,1
0.708435,0.777332,1
0.717422,0.419002,1
0.603636,0.870307,1
0.930525,0.677666,1
0.720808,0.651372,1
0.686287,0.739539,1
0.591775,0.642798,1
0.816173,0.705286,1
0.819029,0.614264,1
0.627693,0.758297,1
0.843864,0.613313,1
0.759146,0.629923,1
0.577091,0.604985,1
0.561580,0.763013,1
0.580395,0.536604,1
0.649990,0.735824,1
0.590251,0.593945,1
0.516699,0.535011,1
0.690437,0.633650,1
0.818909,0.794335,1
0.588397,0.576241,1
0.748856,0.657267,1
0.625338,0.800036,1
0.533879,0.726822,1
0.658008,0.686252,1
0.756208,0.660213,1
0.547460,0.731395,1
0.614689,0.619123,1
0.609279,0.754887,1
0.747441,0.834972,1
0.674298,0.684794,1
0.657418,0.655989,1
0.616464,0.672043,1
0.596853,0.832991,1
0.697658,0.438221,1
0.610522,0.750354,1
0.781094,0.578113,1
0.772722,0.608495,1
0.655106,0.869248,1
0.674889,0.618141,1
0.640929,0.588258,1
0.746524,0.722291,1
0.801306,0.463646,1
0.500026,0.752037,1
0.597594,0.439933,1
0.495990,0.717218,1
0.618718,0.784112,1
0.514648,0.616282,1
0.718977,0.716060,1
0.698030,0.691462,1
0.479921,0.491841,1
0.680666,0.585536,1
0.607451,0.691494,1
0.833217,0.457619,1
0.723065,0.914222,1
0.835988,0.735204,1
0.732028,0.682537,1
0.438485,0.808397,1
0.673224,0.695600,1
0.655928,0.658266,1
0.675312,0.783675,1
0.762588,0.720803,1
0.707575,0.668231,1
0.735676,0.856278,1
0.579087,0.527959,1
0.711641,0.699497,1
0.739696,0.686578,1
0.707795,0.573054,1
0.693547,0.773406,1
0.668849,0.492995,1
0.805884,0.659075,1
0.708038,0.623167,1
0.636973,0.582588,1
0.573930,0.724795,1
0.656432,0.637965,1
0.793747,0.807248,1
0.522535,0.622091,1
0.690861,0.753613,1
0.394400,0.554316,1
0.815302,0.729645,1
0.747252,0.699329,1
0.590953,0.702564,1
0.815563,0.633143,1
0.537513,0.454309,1
0.630165,0.784607,1
0.600349,0.622322,1
0.509022,0.675338,1
0.589104,0.528252,1
0.850540,0.728943,1
0.633831,0.513706,1
0.517460,0.611439,1
0.801466,0.660488,1
0.716171,0.656672,1
0.733274,0.580054,1
0.880999,0.766428,1
0.549961,0.507750,1
0.524938,0.647497,1
0.713853,0.583582,1
0.756234,0.869023,1
0.725618,0.733107,1
0.637677,0.776068,1
0.664858,0.499943,1
0.669772,0.588059,1
0.752245,0.775633,1
0.615051,0.575083,1
0.752284,0.674773,1
0.632226,0.368707,1
0.712924,0.717920,1
0.668174,0.710974,1
0.647332,0.673755,1
0.700009,0.634104,1
0.754206,0.543515,1
0.760794,0.659108,1
0.907243,0.590884,1
0.517449,0.909991,1
0.660802,0.879951,1
0.747813,0.569699,1
0.619927,0.484015,1
0.677759,0.645145,1
0.674733,0.611928,1
0.531174,0.718370,1
0.578975,0.646649,1
0.825743,0.893331,1
0.651245,0.654571,1
0.720263,0.730971,1
0.589145,0.647038,1
0.495330,0.561326,1
0.729624,0.590552,1
0.633196,0.633891,1
0.733177,0.547149,1
0.579013,0.689885,1
0.722600,0.697493,1
0.840247,0.669289,1
0.664053,0.747521,1
0.842758,0.577766,1
0.648774,0.533771,1
0.689910,0.829633,1
0.862308,0.568984,1
0.683022,0.631436,1
0.629189,0.631564,1
0.599463,0.638121,1
0.627526,0.667514,1
0.693516,0.410634,1
0.698937,0.667524,1
0.587890,0.658758,1
0.666353,0.668330,1
0.749489,0.631298,1
0.674947,0.444824,1
0.620534,0.459255,1
0.702747,0.576833,1
0.549643,0.590424,1
0.753353,0.794791,1
0.428181,0.647603,1
0.585555,0.596539,1
0.559704,0.484107,1
0.711584,0.572030,1
0.653709,0.480278,1
0.860098,0.785369,1
0.573397,0.635095,1
0.751462,0.739747,1
0.599540,0.763505,1
0.558180,0.637708,1
0.674775,0.513351,1
0.617721,0.677991,1
0.766675,0.562392,1
0.607682,0.599977,1
0.758957,0.681338,1
0.758421,0.859478,1
0.792474,0.568933,1
0.845595,0.614255,1
0.569598,0.818379,1
0.589326,0.693575,1
0.634416,0.783159,1
0.445716,0.598881,1
0.676660,0.599770,1
0.521198,0.817172,1
0.705557,0.846644,1
0.531951,0.730450,1
0.621536,0.829446,1
0.465506,0.672256,1
0.523181,0.835123,1
0.548644,0.694155,1
0.563920,0.741497,1
0.820033,0.681582,1
0.545826,0.594598,1
0.716911,0.777727,1
0.833207,0.779506,1
0.662259,0.759014,1
0.470760,0.571974,1
0.679667,0.590754,1
0.520574,0.780660,1
0.658650,0.635657,1
0.661879,0.756425,1
0.756440,0.714761,1
0.660084,0.820483,1
0.495694,0.803656,1
0.866495,0.538556,1
0.591689,0.779414,1
0.784748,0.765439,1
0.794738,0.628828,1
0.693128,0.489962,1
0.689172,0.664013,1
0.787686,0.712792,1
0.519295,0.572611,1
0.625009,0.726263,1
0.584653,0.698312,1
0.650757,0.572281,1
0.647314,0.752515,1
0.764816,0.548645,1
0.752700,0.732321,1
0.790852,0.795020,1
0.657252,0.439996,1
0.575648,0.795872,1
0.757378,0.831760,1
0.835073,0.727719,1
0.782586,0.735071,1
0.652319,0.512407,1
0.669308,0.593876,1
0.507854,0.585281,1
0.631309,0.616780,1
0.445845,0.787654,1
0.768090,0.637389,1
0.919843,0.792302,1
0.552685,0.640196,1
0.650955,0.687173,1
0.652836,0.823738,1
0.576678,0.547787,1
0.575575,0.649120,1
0.732026,0.532229,1
0.694397,0.722869,1
0.652642,0.763816,1
0.829748,0.665844,1
0.758898,0.821659,1
0.714823,0.710630,1
0.635624,0.544472,1
0.630012,0.537345,1
0.577552,0.530311,1
0.871015,0.791531,1
0.621764,0.731429,1
0.576647,0.677034,1
0.730833,0.674089,1
0.739992,0.615028,1
0.716066,0.804685,1
0.534292,0.716798,1
0.774450,0.578268,1
0.600236,0.616211,1
0.733775,0.764534,1
0.652030,0.653167,1
0.692113,0.681273,1
0.824591,0.769980,1
0.624502,0.762235,1
0.682468,0.491995,1
0.750291,0.733074,1
0.850995,0.663496,1
0.827426,0.779153,1
0.710930,0.700143,1
0.674060,0.738526,1
0.863102,0.798895,1
0.730632,0.466195,1
0.866444,0.740817,1
0.568304,0.695409,1
0.668834,0.685240,1
0.562770,0.644627,1
0.668937,0.595869,1
0.606211,0.566677,1
0.686163,0.758811,1
0.615794,0.740802,1
0.810101,0.410775,1
0.615001,0.820929,1
0.777105,0.730754,1
0.673135,0.660869,1
0.760253,0.762108,1
0.620312,0.524257,1
0.654822,0.680225,1
0.704742,0.612924,1
0.502741,0.666606,1
0.475533,0.814483,1
0.735099,0.465636,1
0.718082,0.616097,1
0.892979,0.494982,1
0.508327,0.669898,1
0.624477,0.622209,1
0.693138,0.919528,1
0.618794,0.766903,1
0.805429,0.729598,1
0.514315,0.506056,1
0.648016,0.704111,1
0.707834,0.737306,1
0.503264,0.734806,1
0.838046,0.709254,1
0.732156,0.555267,1
0.739640,0.731537,1
0.604138,1.000000,1
0.629161,0.744424,1
0.694206,0.681611,1
0.719291,0.785688,1
0.672560,0.679223,1
0.658638,0.674366,1
0.769857,0.763497,1
0.524265,0.742872,1
0.556798,0.506015,1
0.782860,0.563317,1
0.803008,0.678423,1
0.568360,0.687497,1
0.711844,0.551907,1
0.540839,0.712564,1
0.797057,0.628944,1
0.691364,0.724776,1
0.696999,0.638539,1
0.550594,0.616452,1
0.610642,0.598317,1
0.648106,0.738797,1
0.651864,0.584177,1
0.649969,0.755964,1
0.724423,0.561403,1
0.676098,0.824508,1
0.580205,0.759076,1
0.497711,0.727679,1
0.606164,0.596984,1
0.614791,0.671852,1
0.416120,0.689612,1
0.645818,0.700823,1
0.582876,0.454628,1
0.587105,0.544933,1
0.678442,0.685398,1
0.786564,0.653388,1
0.564807,0.655098,1
0.625058,0.811759,1
0.505235,0.453084,1
0.671851,0.627093,1
0.746610,0.868358,1
0.777337,0.754723,1
0.699514,0.632844,1
0.546666,0.601586,1
0.575652,0.758837,1
0.673705,0.712050,1
0.766659,0.833185,1
0.738900,0.748264,1
0.677441,0.677629,1
0.674588,0.716130,1
0.693783,0.823959,1
0.632430,0.566305,1
0.788944,0.627403,1
0.772323,0.811781,1
0.832363,0.796577,1
0.758867,0.676154,1
0.572224,0.644874,1
0.753393,0.747428,1
0.593886,0.721238,1
0.541696,0.481665,1
0.507920,0.618678,1
0.697354,0.715767,1
0.760990,0.796799,1
0.548091,0.580939,1
0.724534,0.691330,1
0.652115,0.645843,1
0.783693,0.622345,1
0.683545,0.683419,1
0.774281,0.782771,1
0.721581,0.745837,1
0.606103,0.688054,1
0.752622,0.666988,1
0.568483,0.772196,1
0.650150,0.667777,1
0.603847,0.527529,1
0.676053,0.633389,1
0.669426,0.700466,1
0.778470,0.795648,1
0.551480,0.546578,1
0.791477,0.837171,1
0.745393,0.606765,1
0.617351,0.688063,1
0.760471,0.560412,1
0.476856,0.494069,1
0.574622,0.932040,1
0.473299,0.684653,1
0.716776,0.593689,1
0.841209,0.728928,1
0.529675,0.557265,1
0.654876,0.723560,1
0.755442,0.572789,1
0.659304,0.761447,1
0.915546,0.551350,1
0.541634,0.670400,1
0.753731,0.830013,1
0.648312,0.731919,1
0.589848,0.644737,1
0.500722,0.721303,1
0.629345,0.644751,1
0.801258,0.686560,1
0.677488,0.809713,1
0.641853,0.859568,1
0.871957,0.778033,1
0.606085,0.734201,1
0.680035,0.545093,1
0.730006,0.562067,1
0.683496,0.794872,1
0.879041,0.716435,1
0.854150,0.649979,1
0.616740,0.658140,1
0.796790,0.799497,1
0.792021,0.303852,1
0.628159,0.851436,1
0.666257,0.905285,1
0.583474,0.566512,1
0.638606,0.635025,1
0.570612,0.714572,1
0.694343,0.611491,1
0.514717,0.448671,1
0.579990,0.746046,1
0.608658,0.639977,1
0.469460,0.628236,1
0.566502,0.773029,1
0.544458,0.713954,1
0.620954,0.631119,1
0.640450,0.539475,1
0.719032,0.485849,1
0.886169,0.860438,1
0.730042,0.734416,1
0.769847,0.635901,1
0.607673,0.903441,1
0.651747,0.484019,1
0.484187,0.710843,1
0.625426,0.674344,1
0.859760,0.384960,1
0.474393,0.674623,1
0.517754,0.694346,1
0.591730,0.760524,1
0.662363,0.795394,1
0.663879,0.727663,1
0.807346,0.549247,1
0.731815,0.624565,1
0.653821,0.718220,1
0.924744,0.683200,1
0.607860,0.896928,1
0.714685,0.750553,1
0.880082,0.786472,1
0.816942,0.498220,1
0.674473,0.734269,1
0.619885,0.695749,1
0.767402,0.754994,1
0.830745,0.702663,1
0.784374,0.781976,1
1.000000,0.805754,1
0.565688,0.895136,1
0.734711,0.869774,1
0.746038,0.625336,1
0.648316,0.672441,1
0.817249,0.636545,1
0.598622,0.704134,1
0.645522,0.812353,1
0.732394,0.684429,1
0.520083,0.537627,1
0.569295,0.772231,1
0.641204,0.611569,1
0.751773,0.479570,1
0.826923,0.655580,1
0.533740,0.676973,1
0.636612,0.580872,1
0.726123,0.584751,1
0.731950,0.772344,1
0.611549,0.726990,1
0.487278,0.783592,1
0.715095,0.863479,1
0.636404,0.643089,1
0.744502,0.673033,1
0.643512,0.773876,1
0.834026,0.708295,1
0.689572,0.634485,1
0.603851,0.562607,1
0.612575,0.579984,1
0.642123,0.572142,1
0.768168,0.799831,1
0.634863,0.603813,1
0.604849,0.678943,1
0.627588,0.880159,1
0.892563,0.593397,1
0.827473,0.718187,1
0.618951,0.616191,1
0.587656,0.752406,1
0.568445,0.558978,1
0.526473,0.746752,1
0.669800,0.703613,1
0.643877,0.776585,1
0.673823,0.577618,1
0.699834,0.519619,1
0.683929,0.797429,1
0.589720,0.428302,1
0.630939,0.712752,1
0.521908,0.676449,1
0.787418,0.549510,1
0.465092,0.723844,1
0.655711,0.775533,1
0.704796,0.540244,1
0.731248,0.620326,1
0.777147,0.676399,1
0.673645,0.635907,1
0.719538,0.633831,1
0.579164,0.607366,1
0.642648,0.870995,1
0.902643,0.727089,1
0.725453,0.633584,1
0.586242,0.608821,1
0.619533,0.678457,1
0.918562,0.767119,1
0.758074,0.592261,1
0.658293,0.655921,1
0.614236,0.601791,1
0.795418,0.501202,1
0.570626,0.621773,1
0.806347,0.611405,1
0.718517,0.702651,1
0.487209,0.716009,1
0.662545,0.676852,1
0.671339,0.705795,1
0.624114,0.676892,1
0.684869,0.705000,1
0.574711,0.731006,1
0.680640,0.763228,1
0.640321,0.764211,1
0.594419,0.678226,1
0.770327,0.494626,1
0.746023,0.563622,1
0.567688,0.778817,1
0.720961,0.595274,1
0.655897,0.947126,1
0.770830,0.831283,1
0.743813,0.632252,1
0.629298,0.611207,1
0.616660,0.415621,1
0.703173,0.697320,1
0.650898,0.630998,1
0.443244,0.511897,1
0.666120,0.555597,1
0.468498,0.480325,1
0.632910,0.753641,1
0.776035,0.770624,1
0.628674,0.697745,1
0.772471,0.851194,1
0.509577,0.826681,1
0.633539,0.502729,1
0.744358,0.864980,1
0.703480,0.651272,1
0.842701,0.598704,1
0.679645,0.509900,1
0.691179,0.683782,1
0.772594,0.467951,1
0.710304,0.694481,1
0.521571,0.744331,1
0.618259,0.544298,1
0.581160,0.857818,1
0.698584,0.584425,1
0.671381,0.617809,1
0.714445,0.630115,1
0.450370,0.809677,1
0.704028,0.595474,1
0.627167,0.588379,1
0.526711,0.640975,1
0.593641,0.520791,1
0.654820,0.815870,1
0.819151,0.623251,1
0.754832,0.619342,1
0.841202,0.668604,1
0.757418,0.786791,1
0.840399,0.531140,1
0.775168,0.731899,1
0.789957,0.689868,1
0.655760,0.661124,1
0.680376,0.648228,1
0.785340,0.628497,1
0.752105,0.631202,1
0.549261,0.803815,1
0.833414,0.640619,1
0.566297,0.804722,1
0.837771,0.791967,1
0.692703,0.697227,1
0.548248,0.605928,1
0.790348,0.742751,1
0.731359,0.753800,1
0.665663,0.660270,1
0.870738,0.761551,1
0.564348,0.634466,1
0.555522,0.684929,1
0.605893,0.457742,1
0.734434,0.678541,1
0.638382,0.704698,1
0.629353,0.678961,1
0.548885,0.632674,1
0.568735,0.603613,1
0.540875,0.828785,1
0.668613,0.746149,1
0.733027,0.741073,1
0.687734,0.849362,1
0.684981,0.780601,1
0.544340,0.569355,1
0.653110,0.695104,1
0.822094,0.564971,1
0.682938,0.725354,1
0.607673,0.714383,1
0.707080,0.687051,1
0.702959,0.867983,1
0.885896,0.613285,1
0.547456,0.627051,1
0.570337,0.952981,1
0.673732,0.738133,1
0.595439,0.461520,1
0.623116,0.659382,1
0.601605,0.550163,1
0.739586,0.830558,1
0.623923,0.708530,1
0.635301,0.708616,1
0.603115,0.851213,1
0.685438,0.700840,1
0.841036,0.758032,1
0.726090,0.564178,1
0.710462,0.539776,1
0.526234,0.679640,1
0.495655,0.966314,1
0.560616,0.796777,1
0.581835,0.567844,1
0.770048,0.701072,1
0.673518,0.897785,1
0.655529,0.632726,1
0.680297,0.605857,1
0.791118,0.517631,1
0.779185,0.548166,1
0.685058,0.640709,1
0.694720,0.848696,1
0.753013,0.582219,1
0.687482,0.693423,1
0.558397,0.766854,1
0.809956,0.800574,1
0.521745,0.484968,1
0.806568,0.521815,1
0.659857,0.675863,1
0.812004,0.814105,1
0.622677,0.525292,1
0.688161,0.875864,1
0.632342,0.669936,1
0.681960,0.713272,1
0.683707,0.788368,1
0.691640,0.512612,1
0.653874,0.759569,1
0.707078,0.704113,1
0.853844,0.811479,1
0.790544,0.746659,1
0.637146,0.667076,1
0.594326,0.959238,1
0.629780,0.710602,1
0.797044,0.745710,1
0.809704,0.607343,1
0.794682,0.635540,1
0.635401,0.683427,1
0.507522,0.392790,1
0.523243,0.771620,1
0.619573,0.855254,1
0.795173,0.580621,1
0.692217,0.714169,1
0.783684,0.794415,1
0.811708,0.644074,1
0.658121,0.604018,1
0.794021,0.513752,1
0.626981,0.592809,1
0.534231,0.692312,1
0.657626,0.631011,1
0.886850,0.605172,1
0.725681,0.820635,1
0.661202,0.682260,1
0.697235,0.870800,1
0.714424,0.673349,1
0.527496,0.687362,1
0.763094,0.791568,1
0.750505,0.672108,1
0.550373,0.641066,1
0.602765,0.627690,1
0.647182,0.712119,1
0.696677,0.722174,1
0.749376,0.643176,1
0.840963,0.629564,1
0.863351,0.707511,1
0.573608,0.546925,1
0.521086,0.572394,1
0.563092,0.778748,1
0.629544,0.705603,1
0.810761,0.777739,1
0.522814,0.794325,1
0.535178,0.644818,1
0.588880,0.769060,1
0.622759,0.568846,1
0.574671,0.723139,1
0.678948,0.579488,1
0.652155,0.600142,1
0.595786,0.657535,1
0.793121,0.657017,1
0.800939,0.597186,1
0.711844,0.805574,1
0.751114,0.677127,1
0.838935,0.816476,1
0.678605,0.658715,1
0.574117,0.576057,1
0.480955,0.820033,1
0.621939,0.688098,1
0.860479,0.617440,1
0.635414,0.796719,1
0.680375,0.505664,1
0.653935,0.702294,1
0.576373,0.646360,1
0.743907,0.630224,1
0.706010,0.708592,1
0.755272,0.815040,1
0.617255,0.583873,1
0.612549,0.804703,1
0.669169,0.631882,1
0.715652,0.577678,1
0.840289,0.504138,1
0.659567,0.582726,1
0.597316,0.629381,1
0.765967,0.501502,1
0.692318,0.576364,1
0.591814,0.821886,1
0.703692,0.665698,1
0.628038,0.626700,1
0.762796,0.699290,1
0.612389,0.728399,1
0.666122,0.651360,1
0.732878,0.696775,1
0.677224,0.931059,1
0.660706,0.681176,1
0.474857,0.514247,1
0.698932,0.743871,1
0.863946,0.761431,1
0.839880,0.486595,1
0.653812,0.819982,1
0.644664,0.509504,1
0.767381,0.829415,1
0.636463,0.850052,1
0.620471,0.818536,1
0.775124,0.658152,1
0.557199,0.776799,1
0.579496,0.718014,1
0.997329,0.509664,1
0.663114,0.505214,1
0.706782,0.797420,1
0.741595,0.468946,1
0.682895,0.538809,1
0.739010,0.662829,1
0.569647,0.684970,1
0.515400,0.691524,1
0.410419,0.738970,1
0.653823,0.637878,1
0.771074,0.646668,1
0.664401,0.723513,1
0.694806,0.411922,1
0.880008,0.517600,1
0.669901,0.844022,1
0.663673,0.833651,1
0.705948,0.577505,1
0.488872,0.779551,1
0.571140,0.698124,1
0.800075,0.645885,1
0.650853,0.709884,1
0.627024,0.627049,1
0.694346,0.537008,1
0.646930,0.670522,1
0.641397,0.743262,1
0.657313,0.620394,1
0.687594,0.557810,1
0.706587,0.698735,1
0.457385,0.721204,1
0.675653,0.421995,1
0.762386,0.672623,1
0.576271,0.614435,1
0.628633,0.603478,1
0.740043,0.560255,1
0.796519,0.577115,1
0.776133,0.588992,1
0.759609,0.771876,1
0.711721,0.585004,1
0.526278,0.725174,1
0.591407,0.535511,1
0.621203,0.538066,1
0.753247,0.594414,1
0.715559,0.784173,1
0.625664,0.688736,1
0.741999,0.728057,1
0.609083,0.526180,1
0.718369,0.693769,1
0.671605,0.636402,1
0.692248,0.729869,1
0.777361,0.477438,1
0.799561,0.546289,1
0.584423,0.465491,1
0.632813,0.643211,1
0.675522,0.789797,1
0.613394,0.681351,1
0.727263,0.596222,1
0.698514,0.650566,1
0.953415,0.847538,1
0.685678,0.722532,1
0.592495,0.652631,1
0.714462,0.603330,1
0.579988,0.507994,1
0.652984,0.777540,1
0.662339,0.778667,1
0.778107,0.498257,1
0.553351,0.808954,1
0.700019,0.639636,1
0.760573,0.589156,1
0.605804,0.565101,1
0.678335,0.618176,1
0.511420,0.741497,1
0.501414,0.805969,1
0.621166,0.861066,1
0.667607,0.726735,1
0.683079,0.643068,1
0.765440,0.719537,1
0.736218,0.524736,1
0.734375,0.353135,1
0.550273,0.587083,1
0.773034,0.705764,1
0.811569,0.815005,1
0.579475,0.834551,1
0.548757,0.680882,1
0.547264,0.674578,1
0.599327,0.637798,1
0.768604,0.871894,1
0.520764,0.620423,1
0.699525,0.553719,1
0.593145,0.654272,1
0.656700,0.523637,1
0.783944,0.798496,1
0.651774,0.777047,1
0.487685,0.626291,1
0.664396,0.642127,1
0.530729,0.599185,1
0.537863,0.639218,1
0.649576,0.619985,1
0.569054,0.731081,1
0.751426,0.863052,1
0.753423,0.545974,1
0.675024,0.796714,1
0.628958,0.644055,1
0.608873,0.709777,1
0.820663,0.409134,1
0.596579,0.557759,1
0.616459,0.731303,1
0.789819,0.551695,1
0.689706,0.815437,1
0.675841,0.664725,1
0.525275,0.761985,1
0.613737,0.576579,1
0.532149,0.670899,1
0.570915,0.705608,1
0.565449,0.573532,1
0.654165,0.489915,1
0.614167,0.682234,1
0.614477,0.579657,1
0.658144,0.585499,1
0.772862,0.713901,1
0.546877,0.660053,1
0.789704,0.803419,1
0.730603,0.579523,1
0.799715,0.658919,1
0.798795,0.760468,1
0.707912,0.552178,1
0.587819,0.556580,1
0.490435,0.661190,1
0.830606,0.914392,1
0.678289,0.639989,1
0.686135,0.469959,1
0.658011,0.708149,1
0.630185,0.743177,1
0.790127,0.551065,1
0.779142,0.722746,1
0.838272,0.637128,1
0.774235,0.709802,1
0.749307,0.590709,1
0.808105,0.685748,1
0.674669,0.619732,1
0.508867,0.804306,1
0.712833,0.647495,1
0.711826,0.633076,1
0.642690,0.653120,1
0.665350,0.600382,1
0.576391,0.657941,1
0.829444,0.606828,1
0.691515,0.739309,1
0.639407,0.709905,1
0.603426,0.650792,1
0.703045,0.630298,1
0.812652,0.645151,1
0.618704,0.799713,1
0.696963,0.616820,1
0.753455,0.497998,1
0.696104,0.716965,1
0.808174,0.612358,1
0.472834,0.671119,1
0.593643,0.666556,1
0.621260,0.754927,1
0.624273,0.716670,1
0.588525,0.834700,1
0.774177,0.579653,1
0.707348,0.728023,1
0.518231,0.658334,1
0.708991,0.667791,1
0.668755,0.591641,1
0.617557,0.748653,1
0.852399,0.656376,1
0.718353,0.717029,1
0.650009,0.885123,1
0.581687,0.759166,1
0.543627,0.672420,1
0.588913,0.651993,1
0.717437,0.690711,1
0.529115,0.709564,1
0.638933,0.753670,1
0.603904,0.555643,1
0.755634,0.719154,1
0.595786,0.746163,1
0.727457,0.666020,1
0.712797,0.791759,1
0.817071,0.691510,1
0.684002,0.780574,1
0.659523,0.797245,1
0.692621,0.521550,1
0.583472,0.550829,1
0.620134,0.668432,1
0.670675,0.699527,1
0.583652,0.709997,1
0.471818,0.834550,1
0.746129,0.540188,1
0.610458,0.604960,1
0.701675,0.760447,1
0.656087,0.586203,1
0.784768,0.732329,1
0.674622,0.542425,1
0.582153,0.634965,1
0.562777,0.694729,1
0.758885,0.859003,1
0.549144,0.698573,1
0.648957,0.627308,1
0.666511,0.550162,1
0.811209,0.664741,1
0.675922,0.643977,1
0.689827,0.567671,1
0.672493,0.804070,1
0.648498,0.605226,1
0.720356,0.747954,1
0.750260,0.779967,1
0.653197,0.708042,1
0.788163,0.584461,1
0.702429,0.704027,1
0.522735,0.785632,1
0.567092,0.779366,1
0.675421,0.730584,1
0.720529,0.586449,1
0.714277,0.682782,1
0.691483,0.666687,1
0.768314,0.667492,1
0.592704,0.670203,1
0.689422,0.682819,1
0.505035,0.426085,1
0.689297,0.684303,1
0.753940,0.669032,1
0.808809,0.662871,1
0.617149,0.617131,1
0.690344,0.869939,1
0.749825,0.651571,1
0.552984,0.543669,1
0.674905,0.590145,1
0.626974,0.460132,1
0.648181,0.792351,1
0.588024,0.712127,1
0.763987,0.657888,1
0.592756,0.686712,1
0.578673,0.622712,1
0.727505,0.541972,1
0.683641,0.543583,1
0.694475,0.739316,1
0.551933,0.666050,1
0.755814,0.772845,1
0.641007,0.538950,1
0.799966,0.545753,1
0.737163,0.638216,1
0.743312,0.738712,1
0.553472,0.686046,1
0.742930,0.690434,1
0.750549,0.663220,1
0.759694,0.669720,1
0.739352,0.793156,1
0.781154,0.694512,1
0.837731,0.618478,1
0.874878,0.636065,1
0.470426,0.738660,1
0.674941,0.771987,1
0.701456,0.936365,1
0.554036,0.705010,1
0.704998,0.479874,1
0.813650,0.818792,1
0.718882,0.561319,1
0.688468,0.765524,1
0.567874,0.608501,1
0.657065,0.507544,1
0.652746,0.639535,1
0.604848,0.583769,1
0.884576,0.595617,1
0.767607,0.674183,1
0.803607,0.455258,1
0.659128,0.749487,1
0.811837,0.732241,1
0.618476,0.505120,1
0.648766,0.537999,1
0.639498,0.564923,1
0.564260,0.757805,1
0.613815,0.737643,1
0.548083,0.568463,1
0.655925,0.701497,1
0.729350,0.686967,1
0.707880,0.480155,1
0.721454,0.773019,1
0.614841,0.822320,1
0.680458,0.738697,1
0.803825,0.535530,1
0.633710,0.557178,1
0.650569,0.646970,1
0.608947,0.528939,1
0.783250,0.537553,1
0.606179,0.907700,1
0.551861,0.523513,1
0.605526,0.544844,1
0.747076,0.611572,1
0.559106,0.604728,1
0.587000,0.690888,1
0.588606,0.725122,1
0.815984,0.603223,1
0.647821,0.633226,1
0.759406,0.699041,1
0.533886,0.811066,1
0.753342,0.657357,1
0.569189,0.463713,1
0.529357,0.680947,1
0.804767,0.782239,1
0.653109,0.782194,1
0.599063,0.641144,1
0.729600,0.564606,1
0.602315,0.513003,1
0.516464,0.570625,1
0.846918,0.533752,1
0.686712,0.481622,1
0.794607,0.563299,1
0.788196,0.833016,1
0.589250,0.678637,1
0.667224,0.630518,1
0.940206,0.788636,1
0.721781,0.712355,1
0.811022,0.728485,1
0.551448,0.703370,1
0.768928,0.726508,1
0.766811,0.609630,1
0.589090,0.595550,1
0.615436,0.531025,1
0.750981,0.631458,1
0.429912,0.706264,1
0.658454,0.696910,1
0.688199,0.696137,1
0.683201,0.747281,1
0.468452,0.628666,1
0.674253,0.707757,1
0.879918,0.511044,1
0.766242,0.444272,1
0.694902,0.624616,1
0.601060,0.577200,1
0.536121,0.734532,1
0.609222,0.737490,1
0.670770,0.719990,1
0.640784,0.861571,1
0.653139,0.817741,1
0.624526,0.645768,1
0.704696,0.752392,1
0.780955,0.649901,1
0.750366,0.815982,1
0.658416,0.889039,1
0.734092,0.698928,1
0.708578,0.694947,1
0.769130,0.527140,1
0.744611,0.778916,1
0.736499,0.745277,1
0.767457,0.612486,1
0.701730,0.691637,1
0.668460,0.698936,1
0.585695,0.619265,1
0.589433,0.590175,1
0.589468,0.735837,1
0.713672,0.703767,1
0.769560,0.674585,1
0.681398,0.578659,1
0.644141,0.718003,1
0.689695,0.627244,1
0.699862,0.584848,1
0.599546,0.691352,1
0.579896,0.685100,1
0.616185,0.738376,1
0.837238,0.685295,1
0.545590,0.672216,1
0.698397,0.638364,1
0.673409,0.616044,1
0.757800,0.734821,1
0.733837,0.750421,1
0.722801,0.530595,1
0.551121,0.842046,1
0.698306,0.751378,1
0.514007,0.664631,1
0.517125,0.670009,1
0.805024,0.893696,1
0.798881,0.691329,1
0.692019,0.645858,1
0.711689,0.676321,1
0.671786,0.644588,1
0.594444,0.682293,1
0.540853,0.793786,1
0.687497,0.649214,1
0.640032,0.647938,1
0.677143,0.731006,1
0.751180,0.708343,1
0.917990,0.639101,1
0.708341,0.658699,1
0.609386,0.553775,1
0.644045,0.759288,1
0.691783,0.556698,1
0.729287,0.657911,1
0.703463,0.696041,1
0.803907,0.691043,1
0.629676,0.739231,1
0.661914,0.681161,1
0.690686,0.635452,1
0.641227,0.715007,1
0.699893,0.553786,1
0.717146,0.764506,1
0.691776,0.471948,1
0.735738,0.787137,1
0.683017,0.513005,1
0.618430,0.794393,1
0.703539,0.665315,1
0.512022,0.716867,1
0.544771,0.679575,1
0.675150,0.514718,1
0.450359,0.539457,1
0.748655,0.565439,1
0.449425,0.927647,1
0.534396,0.716423,1
0.820064,0.670951,1
0.568919,0.612053,1
0.891020,0.643951,1
0.719943,0.618473,1
0.529325,0.712877,1
0.715240,0.572023,1
0.671412,0.670596,1
0.599934,0.589145,1
0.695906,0.660377,1
0.660237,0.704800,1
0.669889,0.825913,1
0.656590,0.684513,1
0.684661,0.697606,1
0.498374,0.562128,1
0.690669,0.712508,1
0.592871,0.614072,1
0.585121,0.604533,1
0.702866,0.607645,1
0.574651,0.628130,1
0.579771,0.749665,1
0.593642,0.725244,1
0.577912,0.612303,1
0.681072,0.695923,1
0.727891,0.703887,1
0.749026,0.577796,1
0.458994,0.378628,0
0.425851,0.327630,0
0.437605,0.346510,0
0.374426,0.257498,0
0.467916,0.171720,0
0.371688,0.323018,0
0.515317,0.313457,0
0.362095,0.342417,0
0.508486,0.348525,0
0.347972,0.498496,0
0.439603,0.415086,0
0.487700,0.371719,0
0.107559,0.222724,0
0.399164,0.417315,0
0.386609,0.388279,0
0.367951,0.394606,0
0.420326,0.377241,0
0.400580,0.230649,0
0.407183,0.289927,0
0.289273,0.486965,0
0.658197,0.112273,0
0.342409,0.317572,0
0.317403,0.262145,0
0.409828,0.381229,0
0.464950,0.318272,0
0.465956,0.177395,0
0.352667,0.310041,0
0.436446,0.156191,0
0.219342,0.397116,0
0.378463,0.349535,0
0.405811,0.193285,0
0.256134,0.296199,0
0.297691,0.454959,0
0.394951,0.333675,0
0.483620,0.245712,0
0.375005,0.398124,0
0.361583,0.313780,0
0.229712,0.341192,0
0.357414,0.192409,0
0.354672,0.425092,0
0.323462,0.471193,0
0.379509,0.248026,0
0.493851,0.306856,0
0.429703,0.318142,0
0.291010,0.268869,0
0.288686,0.441280,0
0.531512,0.456231,0
0.387907,0.173642,0
0.350012,0.319733,0
0.406394,0.511099,0
0.390930,0.270955,0
0.245618,0.163395,0
0.453852,0.383668,0
0.422295,0.457029,0
0.457823,0.399991,0
0.370601,0.335164,0
0.342828,0.194849,0
0.359333,0.413668,0
0.158553,0.317998,0
0.240369,0.511405,0
0.564095,0.245139,0
0.334946,0.299697,0
0.107450,0.415028,0
0.407544,0.252720,0
0.541630,0.419397,0
0.348575,0.384436,0
0.558007,0.344015,0
0.350875,0.405848,0
0.490333,0.229313,0
0.511346,0.326658,0
0.541726,0.430059,0
0.392159,0.427499,0
0.528237,0.283031,0
0.344190,0.407909,0
0.347936,0.312881,0
0.323674,0.381544,0
0.348388,0.436406,0
0.499392,0.398918,0
0.355463,0.377702,0
0.426213,0.483117,0
0.442426,0.276280,0
0.330040,0.142912,0
0.432876,0.471549,0
0.417028,0.319405,0
0.385614,0.300068,0
0.320110,0.250960,0
0.453186,0.332953,0
0.475591,0.426573,0
0.241288,0.230116,0
0.412963,0.270013,0
0.451964,0.209689,0
0.195900,0.350574,0
0.422303,0.382619,0
0.249771,0.457336,0
0.394454,0.298212,0
0.444068,0.307016,0
0.450971,0.296788,0
0.460012,0.382136,0
0.441908,0.367887,0
0.194823,0.225981,0
0.438051,0.380678,0
0.318736,0.326995,0
0.355269,0.202209,0
0.425337,0.276363,0
0.237916,0.277507,0
0.233713,0.539577,0
0.539341,0.221610,0
0.342296,0.300334,0
0.368955,0.288279,0
0.411956,0.231891,0
0.440113,0.195756,0
0.502519,0.189502,0
0.366374,0.528710,0
0.284376,0.251630,0
0.587900,0.273822,0
0.414816,0.453298,0
0.483137,0.492655,0
0.432281,0.456508,0
0.393929,0.382591,0
0.409221,0.198379,0
0.415399,0.470994,0
0.321307,0.448133,0
0.417361,0.144316,0
0.434805,0.524824,0
0.604234,0.287302,0
0.402755,0.190322,0
0.265541,0.318400,0
0.432662,0.348809,0
0.177622,0.210983,0
0.391862,0.335008,0
0.426585,0.370869,0
0.391035,0.308574,0
0.447622,0.263890,0
0.391273,0.384005,0
0.468057,0.435746,0
0.320892,0.318777,0
0.253993,0.342199,0
0.316434,0.476055,0
0.241621,0.401535,0
0.344465,0.406970,0
0.397367,0.322952,0
0.374290,0.286179,0
0.277961,0.241886,0
0.469990,0.377798,0
0.298431,0.413014,0
0.462475,0.351782,0
0.327140,0.274418,0
0.445220,0.255897,0
0.399994,0.418147,0
0.548326,0.445032,0
0.329275,0.275900,0
0.328100,0.377478,0
0.467377,0.321283,0
0.254991,0.188503,0
0.360359,0.532733,0
0.392213,0.378186,0
0.433459,0.346294,0
0.318809,0.489615,0
0.269320,0.325300,0
0.366346,0.321018,0
0.304639,0.305289,0
0.281069,0.297855,0
0.380196,0.164218,0
0.381328,0.364801,0
0.313114,0.264840,0
0.426020,0.369227,0
0.374672,0.364426,0
0.376124,0.483155,0
0.335860,0.247649,0
0.350503,0.403497,0
0.506202,0.415692,0
0.376662,0.342079,0
0.210396,0.354007,0
0.272986,0.210477,0
0.295840,0.339803,0
0.451795,0.255140,0
0.418587,0.110607,0
0.110335,0.285745,0
0.214640,0.406727,0
0.381314,0.315137,0
0.302772,0.460018,0
0.385429,0.271903,0
0.274977,0.333171,0
0.444030,0.236512,0
0.289150,0.404791,0
0.452823,0.237116,0
0.334470,0.127573,0
0.364278,0.354766,0
0.342997,0.446354,0
0.375080,0.157812,0
0.387365,0.194642,0
0.550380,0.326789,0
0.383264,0.221900,0
0.501470,0.261509,0
0.320592,0.361203,0
0.423484,0.294870,0
0.367498,0.407728,0
0.268126,0.293935,0
0.247857,0.318133,0
0.262932,0.270558,0
0.574740,0.395856,0
0.450356,0.223562,0
0.297970,0.262625,0
0.312699,0.273044,0
0.438076,0.424652,0
0.479568,0.438979,0
0.405226,0.309509,0
0.366743,0.234022,0
0.360740,0.293669,0
0.408806,0.249962,0
0.473171,0.220200,0
0.209235,0.304354,0
0.383040,0.338515,0
0.397484,0.301976,0
0.399128,0.429065,0
0.367018,0.335638,0
0.461703,0.131747,0
0.429136,0.285774,0
0.204947,0.227597,0
0.409401,0.325884,0
0.278970,0.333668,0
0.361666,0.212526,0
0.190389,0.317649,0
0.335311,0.364823,0
0.270768,0.434352,0
0.571105,0.351793,0
0.140580,0.334198,0
0.516602,0.135593,0
0.420187,0.314562,0
0.464422,0.389235,0
0.474345,0.148924,0
0.302731,0.343386,0
0.306291,0.298226,0
0.346943,0.281176,0
0.248499,0.434628,0
0.399178,0.464471,0
0.444394,0.287660,0
0.456524,0.463585,0
0.288632,0.334103,0
0.516956,0.430703,0
0.394954,0.311642,0
0.445162,0.311075,0
0.316868,0.239384,0
0.377610,0.375145,0
0.411130,0.368134,0
0.483593,0.302758,0
0.673789,0.177170,0
0.278984,0.369198,0
0.390896,0.396821,0
0.552304,0.353328,0
0.460439,0.459069,0
0.207913,0.377616,0
0.486163,0.416642,0
0.522009,0.256997,0
0.505182,0.338803,0
0.294290,0.355760,0
0.266034,0.519038,0
0.370383,0.212461,0
0.379850,0.358333,0
0.410494,0.308004,0
0.147890,0.377584,0
0.585037,0.167402,0
0.432799,0.356867,0
0.383217,0.414821,0
0.312358,0.144479,0
0.372985,0.347958,0
0.334100,0.189878,0
0.296043,0.154006,0
0.364873,0.279394,0
0.377505,0.227239,0
0.310729,0.195375,0
0.339356,0.395977,0
0.427788,0.460255,0
0.438826,0.368168,0
0.484942,0.343394,0
0.474972,0.442264,0
0.478193,0.340303,0
0.341857,0.279699,0
0.324641,0.424686,0
0.259641,0.112173,0
0.386024,0.147737,0
0.375050,0.487371,0
0.327044,0.256398,0
0.520611,0.121577,0
0.448784,0.343458,0
0.499181,0.338718,0
0.290377,0.251860,0
0.367419,0.310543,0
0.460678,0.237234,0
0.345612,0.395488,0
0.327684,0.415379,0
0.401518,0.232669,0
0.473783,0.191767,0
0.335798,0.487141,0
0.287615,0.306484,0
0.447890,0.541112,0
0.411791,0.204676,0
0.255585,0.278983,0
0.313630,0.392088,0
0.320076,0.358855,0
0.423402,0.473590,0
0.496499,0.514731,0
0.335385,0.304795,0
0.280583,0.355952,0
0.373997,0.319181,0
0.563895,0.337390,0
0.363857,0.271159,0
0.294547,0.395598,0
0.427682,0.576708,0
0.349115,0.353418,0
0.321805,0.188413,0
0.417182,0.648743,0
0.307764,0.314897,0
0.312012,0.571730,0
0.535722,0.252928,0
0.381312,0.344045,0
0.351823,0.218937,0
0.289671,0.303662,0
0.349748,0.211397,0
0.371414,0.442847,0
0.364688,0.467959,0
0.355325,0.422769,0
0.450176,0.415982,0
0.275906,0.362249,0
0.374679,0.353393,0
0.296540,0.511207,0
0.430900,0.209456,0
0.197108,0.168602,0
0.275390,0.320694,0
0.331033,0.453671,0
0.374294,0.392220,0
0.280244,0.339611,0
0.317750,0.384361,0
0.387034,0.429353,0
0.381977,0.327531,0
0.580864,0.354812,0
0.447123,0.325541,0
0.368253,0.485875,0
0.451405,0.216533,0
0.401094,0.354801,0
0.286233,0.318234,0
0.291380,0.215838,0
0.440578,0.419125,0
0.434982,0.294947,0
0.481352,0.362077,0
0.509457,0.324023,0
0.433045,0.493169,0
0.404558,0.261321,0
0.319667,0.392394,0
0.352154,0.194652,0
0.440135,0.286796,0
0.373039,0.273237,0
0.383373,0.305375,0
0.495235,0.396123,0
0.366219,0.422146,0
0.296317,0.522730,0
0.465288,0.397492,0
0.437715,0.634369,0
0.300381,0.424343,0
0.388947,0.230908,0
0.484328,0.505957,0
0.506314,0.250680,0
0.145774,0.369189,0
0.300911,0.418618,0
0.300560,0.329524,0
0.447488,0.248872,0
0.277752,0.436246,0
0.269040,0.275034,0
0.322297,0.185602,0
0.361145,0.264435,0
0.441977,0.155547,0
0.299241,0.285026,0
0.481086,0.430185,0
0.571698,0.423228,0
0.335416,0.350091,0
0.329946,0.249112,0
0.497291,0.349968,0
0.581954,0.264600,0
0.350027,0.312942,0
0.323338,0.074481,0
0.362981,0.374287,0
0.480425,0.477751,0
0.429821,0.342441,0
0.479598,0.205807,0
0.523413,0.476316,0
0.457338,0.333517,0
0.282765,0.281915,0
0.359623,0.262179,0
0.549286,0.203170,0
0.466107,0.356232,0
0.488157,0.350852,0
0.227761,0.352561,0
0.370391,0.397226,0
0.277995,0.368724,0
0.447442,0.164114,0
0.272708,0.380271,0
0.196778,0.325218,0
0.319875,0.265708,0
0.350459,0.247133,0
0.442501,0.243867,0
0.298505,0.357834,0
0.374196,0.132505,0
0.464866,0.248368,0
0.286981,0.277226,0
0.353631,0.377322,0
0.347508,0.204261,0
0.630223,0.251183,0
0.188801,0.223265,0
0.313698,0.353666,0
0.424156,0.440618,0
0.246481,0.493793,0
0.440888,0.428577,0
0.383909,0.277679,0
0.309904,0.465461,0
0.380332,0.313741,0
0.356978,0.364020,0
0.382303,0.282323,0
0.331708,0.361127,0
0.330596,0.475331,0
0.324031,0.475100,0
0.403076,0.055954,0
0.453845,0.241768,0
0.402284,0.518390,0
0.357945,0.623974,0
0.523398,0.103294,0
0.505701,0.308221,0
0.434693,0.256943,0
0.445161,0.226054,0
0.320247,0.297805,0
0.365442,0.519172,0
0.389580,0.336115,0
0.366793,0.276830,0
0.408143,0.237527,0
0.378117,0.297690,0
0.312059,0.164993,0
0.489842,0.356414,0
0.518280,0.212107,0
0.339920,0.297532,0
0.347340,0.279416,0
0.359806,0.332733,0
0.329258,0.369537,0
0.726639,0.402014,0
0.308514,0.242103,0
0.261094,0.410630,0
0.293831,0.290514,0
0.236648,0.188250,0
0.386609,0.335600,0
0.376257,0.292568,0
0.447685,0.552512,0
0.409222,0.462098,0
0.393444,0.211244,0
0.269481,0.266575,0
0.311367,0.384894,0
0.399110,0.305434,0
0.368077,0.450158,0
0.348677,0.303176,0
0.490471,0.349075,0
0.351933,0.417833,0
0.358167,0.229252,0
0.470313,0.129221,0
0.411829,0.263503,0
0.371256,0.268020,0
0.331764,0.402614,0
0.257416,0.340885,0
0.437071,0.184902,0
0.638272,0.363567,0
0.584138,0.301105,0
0.315687,0.339071,0
0.474220,0.321441,0
0.530695,0.235378,0
0.321949,0.385803,0
0.436041,0.241665,0
0.463277,0.377886,0
0.419345,0.328022,0
0.367411,0.528762,0
0.423004,0.157097,0
0.236981,0.245974,0
0.478461,0.381679,0
0.406104,0.191039,0
0.432974,0.330495,0
0.288167,0.368647,0
0.546439,0.418392,0
0.271450,0.382972,0
0.466513,0.480043,0
0.349502,0.335900,0
0.371297,0.394272,0
0.314355,0.398465,0
0.485052,0.183478,0
0.406857,0.253642,0
0.353190,0.435249,0
0.323397,0.129512,0
0.428554,0.463610,0
0.235864,0.256930,0
0.445034,0.379775,0
0.508706,0.302778,0
0.375644,0.266095,0
0.518816,0.236914,0
0.377990,0.384870,0
0.273273,0.409935,0
0.482304,0.240425,0
0.375423,0.410008,0
0.419136,0.377047,0
0.368139,0.405226,0
0.348696,0.283138,0
0.424934,0.303320,0
0.428815,0.127001,0
0.420864,0.364882,0
0.507727,0.678220,0
0.546165,0.293613,0
0.319417,0.472503,0
0.503137,0.449894,0
0.400872,0.275659,0
0.316542,0.372708,0
0.510392,0.350579,0
0.581527,0.312621,0
0.337822,0.232551,0
0.312948,0.205431,0
0.305966,0.433807,0
0.407549,0.250281,0
0.402476,0.237023,0
0.150717,0.280631,0
0.346937,0.364925,0
0.478674,0.297385,0
0.348537,0.455421,0
0.268377,0.129819,0
0.318421,0.334774,0
0.445300,0.366681,0
0.296298,0.294496,0
0.467846,0.368581,0
0.318936,0.046570,0
0.385021,0.417752,0
0.249880,0.350365,0
0.139114,0.221955,0
0.468900,0.218063,0
0.498358,0.361556,0
0.496382,0.418039,0
0.378985,0.322551,0
0.482847,0.248369,0
0.517499,0.337911,0
0.167883,0.146533,0
0.408806,0.341106,0
0.316688,0.561118,0
0.560659,0.278261,0
0.466663,0.506920,0
0.242383,0.426242,0
0.459877,0.302174,0
0.495100,0.338706,0
0.385064,0.368824,0
0.525877,0.213446,0
0.419162,0.368609,0
0.275221,0.430964,0
0.408184,0.357322,0
0.299432,0.400648,0
0.411119,0.377530,0
0.356518,0.268244,0
0.405219,0.389984,0
0.229552,0.336749,0
0.380875,0.338830,0
0.508228,0.199195,0
0.427276,0.399497,0
0.361747,0.387433,0
0.403745,0.232421,0
0.431572,0.348118,0
0.477419,0.429268,0
0.221802,0.417971,0
0.469040,0.304162,0
0.382306,0.165949,0
0.278698,0.165370,0
0.233846,0.258544,0
0.271460,0.278709,0
0.454537,0.237287,0
0.279297,0.272456,0
0.271407,0.353704,0
0.300859,0.370817,0
0.316708,0.182039,0
0.600617,0.458954,0
0.461370,0.274154,0
0.325559,0.356133,0
0.385623,0.373005,0
0.167415,0.240265,0
0.464064,0.348479,0
0.508850,0.348478,0
0.193922,0.378889,0
0.448435,0.180869,0
0.421273,0.369499,0
0.564612,0.352927,0
0.389017,0.373305,0
0.365058,0.328382,0
0.584467,0.375008,0
0.238891,0.409866,0
0.180090,0.228018,0
0.618060,0.355661,0
0.495929,0.341739,0
0.399107,0.407749,0
0.486163,0.218603,0
0.438486,0.475863,0
0.449061,0.395904,0
0.408622,0.383130,0
0.260616,0.348383,0
0.489175,0.259740,0
0.497787,0.434762,0
0.543406,0.412206,0
0.252184,0.241120,0
0.448155,0.201054,0
0.387649,0.316410,0
0.298067,0.336033,0
0.445913,0.267365,0
0.356916,0.366626,0
0.464836,0.251021,0
0.459217,0.052255,0
0.413036,0.329422,0
0.216657,0.292664,0
0.587734,0.262622,0
0.361711,0.281910,0
0.477641,0.391165,0
0.357357,0.390694,0
0.385133,0.328225,0
0.384291,0.283772,0
0.420095,0.441406,0
0.307629,0.000000,0
0.368147,0.286941,0
0.473486,0.324078,0
0.451712,0.381928,0
0.331829,0.430962,0
0.252106,0.290446,0
0.359941,0.291669,0
0.383217,0.373155,0
0.402711,0.312991,0
0.351511,0.315080,0
0.463913,0.454330,0
0.448845,0.424886,0
0.327133,0.322514,0
0.534669,0.381881,0
0.410567,0.339772,0
0.453579,0.348884,0
0.201556,0.266907,0
0.495648,0.374865,0
0.625319,0.460970,0
0.384179,0.174922,0
0.310447,0.338641,0
0.411432,0.368826,0
0.324977,0.242031,0
0.359565,0.327375,0
0.340037,0.236631,0
0.503471,0.423879,0
0.414943,0.454987,0
0.288971,0.291339,0
0.357574,0.210039,0
0.431746,0.252578,0
0.471376,0.200065,0
0.507582,0.290890,0
0.536556,0.327578,0
0.659768,0.177401,0
0.536777,0.192523,0
0.542053,0.294665,0
0.567422,0.259701,0
0.378319,0.431924,0
0.251299,0.328512,0
0.506207,0.425568,0
0.410557,0.383059,0
0.414081,0.160150,0
0.221626,0.349048,0
0.284684,0.226238,0
0.313204,0.367664,0
0.493516,0.336070,0
0.493526,0.554813,0
0.346347,0.394310,0
0.441551,0.329826,0
0.363970,0.321953,0
0.437583,0.314194,0
0.461301,0.271787,0
0.427323,0.384545,0
0.428199,0.298212,0
0.512674,0.373752,0
0.479693,0.327240,0
0.409009,0.402620,0
0.428009,0.233212,0
0.302459,0.198790,0
0.348800,0.330183,0
0.288677,0.323630,0
0.472340,0.183682,0
0.272842,0.302109,0
0.237111,0.407789,0
0.433714,0.505126,0
0.246286,0.325948,0
0.457282,0.204505,0
0.506590,0.086036,0
0.303485,0.173794,0
0.268293,0.352848,0
0.398242,0.333427,0
0.406345,0.385783,0
0.284134,0.327183,0
0.398227,0.305001,0
0.333078,0.470703,0
0.424480,0.325135,0
0.308481,0.287150,0
0.420914,0.021953,0
0.281621,0.349787,0
0.293965,0.321307,0
0.267249,0.455110,0
0.386183,0.235558,0
0.473296,0.395741,0
0.489632,0.260671,0
0.389126,0.361446,0
0.251196,0.085175,0
0.449862,0.472699,0
0.245477,0.347413,0
0.391261,0.487534,0
0.325243,0.194842,0
0.355636,0.363646,0
0.327417,0.404840,0
0.486823,0.420615,0
0.329812,0.233853,0
0.203394,0.312483,0
0.392710,0.405627,0
0.478033,0.209300,0
0.464604,0.461627,0
0.259875,0.181413,0
0.504702,0.360502,0
0.431708,0.214143,0
0.395870,0.491792,0
0.316494,0.186602,0
0.485857,0.202692,0
0.353412,0.413110,0
0.546954,0.272568,0
0.348045,0.405018,0
0.573061,0.270864,0
0.409483,0.515440,0
0.340512,0.323363,0
0.216508,0.279044,0
0.284104,0.327025,0
0.435716,0.251510,0
0.419219,0.376285,0
0.250647,0.282486,0
0.358920,0.280818,0
0.477710,0.369657,0
0.385148,0.547887,0
0.486427,0.343999,0
0.348159,0.317634,0
0.440599,0.357029,0
0.429553,0.318523,0
0.247050,0.366030,0
0.189900,0.469657,0
0.537138,0.388635,0
0.225402,0.379301,0
0.543635,0.386745,0
0.293498,0.363811,0
0.372585,0.284051,0
0.380451,0.311027,0
0.259857,0.429284,0
0.283938,0.354214,0
0.462473,0.276421,0
0.305592,0.351236,0
0.383534,0.364298,0
0.327059,0.248497,0
0.335317,0.177348,0
0.477669,0.256800,0
0.384950,0.268168,0
0.458295,0.296808,0
0.341782,0.237191,0
0.434953,0.415821,0
0.414498,0.319660,0
0.397732,0.463023,0
0.224582,0.447447,0
0.205801,0.397530,0
0.464418,0.379429,0
0.460460,0.445540,0
0.256951,0.242591,0
0.392357,0.346962,0
0.376143,0.282137,0
0.252069,0.405619,0
0.315108,0.384984,0
0.417511,0.317536,0
0.321539,0.361808,0
0.153935,0.477563,0
0.534048,0.417878,0
0.562255,0.408038,0
0.193182,0.171718,0
0.184789,0.572030,0
0.317550,0.409393,0
0.273005,0.581251,0
0.422511,0.257284,0
0.425160,0.319151,0
0.459486,0.330333,0
0.235385,0.338844,0
0.575094,0.317291,0
0.374014,0.193485,0
0.310039,0.289000,0
0.365511,0.028264,0
0.431327,0.272263,0
0.616094,0.237625,0
0.336018,0.451546,0
0.461565,0.267204,0
0.410015,0.462397,0
0.462063,0.326628,0
0.495143,0.258403,0
0.316913,0.389511,0
0.445217,0.204284,0
0.533211,0.514383,0
0.311935,0.314040,0
0.458962,0.170252,0
0.291156,0.354084,0
0.405233,0.363371,0
0.381473,0.282821,0
0.547392,0.443311,0
0.386291,0.258222,0
0.411817,0.384416,0
0.388299,0.196410,0
0.440788,0.269039,0
0.422709,0.220912,0
0.349617,0.324033,0
0.305762,0.341555,0
0.338212,0.455670,0
0.435393,0.355471,0
0.355087,0.362291,0
0.286408,0.317659,0
0.331736,0.244560,0
0.293003,0.117610,0
0.447274,0.319528,0
0.369139,0.310819,0
0.314578,0.299272,0
0.334409,0.348396,0
0.531689,0.432031,0
0.377118,0.462384,0
0.400514,0.334775,0
0.516065,0.235406,0
0.407841,0.322927,0
0.403096,0.201748,0
0.375022,0.314768,0
0.155916,0.139294,0
0.429291,0.193742,0
0.344174,0.459261,0
0.381550,0.418234,0
0.347195,0.155293,0
0.335921,0.329703,0
0.393144,0.219374,0
0.344420,0.368124,0
0.518845,0.201614,0
0.437376,0.297064,0
0.299664,0.285353,0
0.455858,0.346155,0
0.492796,0.280691,0
0.249034,0.276310,0
0.283685,0.214710,0
0.500397,0.325178,0
0.297292,0.376838,0
0.443561,0.297577,0
0.482888,0.320211,0
0.245059,0.403661,0
0.400697,0.359402,0
0.237428,0.320347,0
0.328052,0.350442,0
0.308140,0.402297,0
0.285125,0.548343,0
0.265379,0.304933,0
0.317438,0.334724,0
0.349019,0.411161,0
0.313967,0.304405,0
0.292584,0.459884,0
0.219252,0.227770,0
0.483109,0.241062,0
0.480389,0.310076,0
0.396260,0.416272,0
0.492632,0.290277,0
0.295151,0.253308,0
0.429669,0.536482,0
0.316159,0.346143,0
0.441066,0.301345,0
0.219042,0.237843,0
0.357571,0.326634,0
0.429465,0.429765,0
0.619004,0.470763,0
0.331893,0.258913,0
0.364797,0.459582,0
0.459817,0.439469,0
0.239400,0.189593,0
0.472410,0.383883,0
0.322768,0.381314,0
0.441174,0.276724,0
0.381987,0.408954,0
0.409482,0.409447,0
0.341171,0.401887,0
0.310791,0.307675,0
0.412449,0.322577,0
0.321942,0.124059,0
0.478077,0.298723,0
0.440525,0.355731,0
0.402883,0.403322,0
0.323312,0.405689,0
0.456163,0.355459,0
0.476371,0.373681,0
0.344411,0.330103,0
0.382413,0.284603,0
0.324839,0.156786,0
0.300358,0.377991,0
0.282740,0.307237,0
0.561567,0.555296,0
0.287203,0.453357,0
0.455514,0.402504,0
0.300952,0.293320,0
0.361037,0.294254,0
0.359526,0.350139,0
0.374072,0.419625,0
0.340500,0.355041,0
0.399129,0.370918,0
0.361444,0.211621,0
0.424961,0.298221,0
0.328484,0.410817,0
0.570019,0.297214,0
0.399255,0.259534,0
0.498139,0.456586,0
0.421099,0.402383,0
0.260378,0.518408,0
0.294235,0.313675,0
0.359198,0.307539,0
0.420556,0.273031,0
0.273530,0.385385,0
0.467922,0.377093,0
0.337505,0.410406,0
0.439044,0.119755,0
0.379090,0.338268,0
0.360241,0.352787,0
0.390703,0.410309,0
0.407486,0.321128,0
0.261347,0.080543,0
0.438187,0.313991,0
0.406738,0.360114,0
0.483549,0.304814,0
0.250429,0.307922,0
0.569318,0.246594,0
0.216871,0.472979,0
0.325115,0.312923,0
0.327113,0.234101,0
0.299068,0.284363,0
0.415351,0.353237,0
0.422373,0.183638,0
0.516654,0.348836,0
0.451193,0.242818,0
0.459479,0.347864,0
0.489992,0.316596,0
0.447856,0.509147,0
0.355206,0.234450,0
0.425067,0.415921,0
0.449234,0.424994,0
0.212701,0.238589,0
0.546237,0.378028,0
0.203826,0.341918,0
0.435728,0.291110,0
0.477185,0.415054,0
0.348269,0.580397,0
0.415406,0.445271,0
0.281433,0.217816,0
0.189557,0.364987,0
0.333639,0.279435,0
0.231176,0.499728,0
0.386240,0.292176,0
0.258094,0.333984,0
0.333989,0.247603,0
0.406829,0.363198,0
0.327879,0.097924,0
0.233190,0.291923,0
0.579027,0.279433,0
0.412904,0.172401,0
0.494259,0.409165,0
0.501108,0.429246,0
0.322336,0.253424,0
0.293948,0.120095,0
0.306470,0.356384,0
0.386579,0.365170,0
0.514876,0.241022,0
0.409764,0.225636,0
0.420113,0.410135,0
0.217538,0.443342,0
0.527588,0.438851,0
0.353012,0.395292,0
0.535858,0.321472,0
0.398843,0.212227,0
0.382035,0.324602,0
0.378762,0.274073,0
0.456157,0.318826,0
0.383940,0.200884,0
0.316799,0.418662,0
0.341694,0.536494,0
0.330416,0.052164,0
0.359576,0.107181,0
0.396106,0.327139,0
0.263513,0.322116,0
0.411910,0.330432,0
0.552019,0.246067,0
0.457483,0.282680,0
0.281664,0.296484,0
0.317311,0.360675,0
0.602003,0.113918,0
0.454821,0.373304,0
0.407616,0.253352,0
0.354408,0.420141,0
0.364058,0.136217,0
0.429377,0.391915,0
0.367051,0.458549,0
0.334845,0.202746,0
0.506780,0.354395,0
0.369281,0.243981,0
0.411388,0.273223,0
0.419844,0.314685,0
0.399625,0.313982,0
0.315515,0.387753,0
0.284616,0.331949,0
0.459141,0.184298,0
0.368034,0.362314,0
0.339440,0.409221,0
0.382256,0.316909,0
0.546823,0.502618,0
0.421445,0.306567,0
0.410400,0.242454,0
0.367549,0.295245,0
0.387612,0.566097,0
0.110193,0.236900,0
0.377436,0.304542,0
0.433577,0.242428,0
0.467797,0.324970,0
0.412278,0.318027,0
0.433752,0.244887,0
0.292280,0.402964,0
0.448193,0.240176,0
0.318124,0.313386,0
0.455044,0.276494,0
0.397270,0.205062,0
0.444419,0.350267,0
0.489762,0.357915,0
0.231111,0.259052,0
0.375081,0.428845,0
0.469216,0.236604,0
0.371071,0.342850,0
0.283676,0.271396,0
0.447078,0.243986,0
0.349553,0.574375,0
0.499467,0.302656,0
0.254670,0.376667,0
0.506879,0.200913,0
0.337375,0.362737,0
0.353038,0.359012,0
0.497280,0.260115,0
0.276882,0.322546,0
0.340056,0.249100,0
0.249810,0.216321,0
0.311533,0.436001,0
0.518257,0.336037,0
0.402953,0.354313,0
0.270128,0.352045,0
0.370148,0.255322,0
0.370890,0.302441,0
0.220053,0.393487,0
0.377597,0.295916,0
0.421783,0.293382,0
0.431959,0.243614,0
0.295065,0.295703,0
0.286377,0.471456,0
0.267600,0.539475,0
0.303095,0.181960,0
0.270237,0.380214,0
0.420303,0.328781,0
0.364774,0.369068,0
0.362750,0.457931,0
0.343403,0.368034,0
0.493694,0.414789,0
0.382905,0.404855,0
0.449042,0.263078,0
0.379417,0.244991,0
0.400516,0.275515,0
0.318324,0.441988,0
0.513275,0.517276,0
0.353244,0.394875,0
0.389567,0.546091,0
0.395085,0.336983,0
0.371214,0.384896,0
0.359014,0.255434,0
0.367108,0.280155,0
0.431188,0.084127,0
0.247759,0.301475,0
0.317475,0.331470,0
0.315240,0.380483,0
0.213665,0.235048,0
0.256608,0.413912,0
0.358596,0.296195,0
0.411794,0.355415,0
0.547202,0.474185,0
0.453083,0.506039,0
0.487899,0.353348,0
0.460549,0.337878,0
0.190427,0.186296,0
0.217015,0.336647,0
0.174882,0.290980,0
0.421125,0.377324,0
0.289656,0.318352,0
0.396618,0.255551,0
0.331413,0.332850,0
0.377750,0.423101,0
0.529887,0.461343,0
0.503298,0.361525,0
0.447451,0.485105,0
0.315206,0.501800,0
0.536527,0.377871,0
0.335685,0.535424,0
0.411760,0.342884,0
0.497892,0.425069,0
0.445873,0.477750,0
0.437833,0.256912,0
0.437346,0.040415,0
0.408422,0.324805,0
0.285731,0.292634,0
0.518245,0.163256,0
0.419953,0.380955,0
0.470021,0.374954,0
0.377198,0.312220,0
0.216290,0.392561,0
0.356580,0.337315,0
0.523760,0.379327,0
0.280371,0.341523,0
0.355274,0.328117,0
0.325295,0.294975,0
0.444138,0.359955,0
0.331831,0.496131,0
0.375173,0.329125,0
0.381139,0.220035,0
0.324296,0.327245,0
0.421789,0.322313,0
0.395458,0.251042,0
0.423741,0.469202,0
0.417655,0.264576,0
0.449469,0.264497,0
0.505314,0.302715,0
0.195168,0.404754,0
0.518228,0.316570,0
0.283006,0.340450,0
0.556866,0.325252,0
0.354846,0.361400,0
0.482755,0.401330,0
0.386274,0.366671,0
0.380945,0.236680,0
0.315012,0.167408,0
0.479348,0.226287,0
0.332122,0.286380,0
0.457262,0.297101,0
0.265268,0.364495,0
0.330626,0.238574,0
0.468551,0.263980,0
0.405188,0.309399,0
0.289963,0.334526,0
0.375724,0.100654,0
0.307356,0.184513,0
0.271399,0.424345,0
0.195298,0.231195,0
0.246679,0.438273,0
0.509666,0.341380,0
0.231294,0.446912,0
0.279993,0.085763,0
0.336102,0.465130,0
0.344362,0.312991,0
0.322369,0.274649,0
0.684484,0.425498,0
0.501343,0.437006,0
0.371538,0.198048,0
0.195651,0.414282,0
0.424427,0.363446,0
0.441470,0.144821,0
0.378228,0.231806,0
0.416839,0.218662,0
0.337348,0.300716,0
0.471460,0.491689,0
0.453697,0.234389,0
0.313321,0.277831,0
0.353789,0.462560,0
0.352138,0.230408,0
0.406953,0.513839,0
0.413083,0.467254,0
0.543899,0.291232,0
0.267225,0.229264,0
0.304399,0.393919,0
0.654475,0.431275,0
0.540412,0.133609,0
0.318138,0.298906,0
0.369748,0.313989,0
0.340236,0.499031,0
0.492941,0.047918,0
0.439684,0.416475,0
0.331606,0.263220,0
0.354622,0.432513,0
0.306938,0.237778,0
0.504065,0.271067,0
0.434567,0.373355,0
0.275079,0.144273,0
0.322913,0.244223,0
0.385463,0.420282,0
0.291620,0.227019,0
0.618173,0.236879,0
0.542031,0.332370,0
0.449886,0.409215,0
0.533729,0.207212,0
0.317950,0.296746,0
0.372965,0.363586,0
0.329358,0.584379,0
0.205823,0.463522,0
0.493577,0.367803,0
0.180869,0.340425,0
0.364743,0.232604,0
0.445791,0.285927,0
0.512013,0.528576,0
0.391946,0.364029,0
0.253921,0.271772,0
0.559822,0.277593,0
0.334402,0.256895,0
0.596284,0.234816,0
0.311280,0.272121,0
0.307673,0.366318,0
0.447362,0.413286,0
0.366520,0.330345,0
0.404939,0.442144,0
0.339972,0.272537,0
0.274868,0.163014,0
0.395809,0.280803,0
0.363756,0.363641,0
0.296362,0.532967,0
0.423224,0.088866,0
0.283817,0.283096,0
0.357878,0.287518,0
0.425746,0.450563,0
0.423694,0.543288,0
0.426049,0.234868,0
0.345274,0.243639,0
0.496853,0.393995,0
0.541162,0.423720,0
0.265075,0.394398,0
0.313652,0.339187,0
0.451590,0.251585,0
0.367417,0.268284,0
0.607689,0.201392,0
0.449076,0.133671,0
0.341138,0.295442,0
0.390118,0.372703,0
0.378108,0.374079,0
0.300597,0.368894,0
0.271908,0.463432,0
0.331185,0.350221,0
0.457985,0.342156,0
0.210179,0.511942,0
0.315631,0.334622,0
0.241829,0.321666,0
0.382987,0.281011,0
0.516634,0.339278,0
0.339146,0.430824,0
0.439657,0.322638,0
0.415929,0.301097,0
0.530317,0.278500,0
0.335307,0.501918,0
0.470875,0.214070,0
0.377720,0.248113,0
0.315807,0.383489,0
0.397695,0.413316,0
0.308424,0.417081,0
0.412532,0.380610,0
0.174543,0.525276,0
0.474921,0.373381,0
0.442677,0.104963,0
0.440637,0.279633,0
0.271009,0.351971,0
0.331100,0.160582,0
0.403390,0.362530,0
0.366739,0.363287,0
0.301442,0.386957,0
0.259082,0.366083,0
0.474506,0.315809,0
0.319123,0.439836,0
0.198669,0.167316,0
0.421149,0.315841,0
0.350538,0.461300,0
0.333689,0.362292,0
0.394069,0.351922,0
0.444259,0.289847,0
0.410719,0.479722,0
0.320896,0.270901,0
0.220084,0.225604,0
0.190663,0.358531,0
0.485775,0.340294,0
0.316355,0.424286,0
0.428921,0.339810,0
0.268389,0.269709,0
0.394897,0.359570,0
0.608899,0.187356,0
0.440628,0.032953,0
0.299181,0.339094,0
0.363496,0.446156,0
0.331923,0.281790,0
0.442393,0.331674,0
0.444152,0.160178,0
0.415870,0.328772,0
0.532174,0.348712,0
0.368740,0.353423,0
0.323183,0.091420,0
0.477356,0.440361,0
0.417501,0.413188,0
0.323632,0.535837,0
0.495808,0.172406,0
0.348395,0.371628,0
0.399521,0.330251,0
0.339727,0.423483,0
0.505169,0.414138,0
0.227853,0.303893,0
0.390796,0.263576,0
0.453953,0.372418,0
0.415552,0.532720,0
0.387669,0.451386,0
0.350263,0.342458,0
0.425132,0.429875,0
0.368819,0.471676,0
0.433027,0.557799,0
0.473545,0.278622,0
0.328758,0.357026,0
0.318153,0.305713,0
0.350689,0.315941,0
0.624152,0.312689,0
0.261453,0.274064,0
0.611049,0.331573,0
0.527346,0.329347,0
0.352059,0.140577,0
0.314574,0.353362,0
0.277915,0.392521,0
0.365851,0.276101,0
0.265550,0.370124,0
0.219055,0.358239,0
0.493517,0.288596,0
0.396792,0.313235,0
0.340173,0.514077,0
0.421690,0.372170,0
0.374529,0.072767,0
0.386452,0.099249,0
0.303233,0.418016,0
0.331889,0.432291,0
0.330833,0.518487,0
0.418791,0.185244,0
0.437553,0.236594,0
0.266870,0.293918,0
0.124973,0.475369,0
0.310251,0.471037,0
0.426117,0.142719,0
0.271048,0.517773,0
0.441057,0.272811,0
0.532723,0.355184,0
0.354131,0.497538,0
0.333256,0.463997,0
0.428201,0.410593,0
0.293446,0.341267,0
0.309554,0.419167,0
0.189482,0.474292,0
0.317867,0.272482,0
0.510757,0.418787,0
0.328550,0.502938,0
0.415748,0.042983,0
0.273010,0.215428,0
0.400555,0.258843,0
0.421808,0.396698,0
0.224939,0.479241,0
0.354667,0.479083,0
0.152019,0.390571,0
0.371734,0.530447,0
0.412687,0.373738,0
0.202269,0.389846,0
0.305573,0.190532,0
0.545478,0.203267,0
0.458722,0.332168,0
0.470570,0.267538,0
0.240244,0.439436,0
0.403297,0.316216,0
0.428477,0.252701,0
0.431353,0.288747,0
0.391462,0.271612,0
0.464196,0.267997,0
0.452853,0.405523,0
0.373129,0.313929,0
0.389270,0.459327,0
0.352642,0.331779,0
0.304029,0.411129,0
0.412834,0.262080,0
0.408272,0.493346,0
0.387893,0.336120,0
0.435852,0.345896,0
0.380373,0.353671,0
0.449996,0.292288,0
0.404388,0.471699,0
0.225902,0.271857,0
0.405358,0.335072,0
0.351278,0.199968,0
0.414388,0.538578,0
0.487525,0.526968,0
0.402790,0.245094,0
0.420582,0.433057,0
0.632215,0.257087,0
0.338885,0.464865,0
0.449030,0.277824,0
0.372778,0.450294,0
0.406184,0.405742,0
0.458241,0.180579,0
0.311543,0.196849,0
0.496879,0.318321,0
0.412658,0.257876,0
0.398920,0.451452,0
0.335307,0.241125,0
0.593791,0.361967,0
0.363417,0.575728,0
0.594359,0.412601,0
0.402718,0.449191,0
0.355694,0.406823,0
0.240531,0.468047,0
0.515500,0.488146,0
0.353371,0.291545,0
0.403622,0.197297,0
0.362075,0.311513,0
0.448850,0.288304,0
0.615956,0.620755,0
0.321529,0.336349,0
0.448794,0.400985,0
0.331062,0.402300,0
0.353799,0.282406,0
0.332240,0.393814,0
0.355987,0.293545,0
0.585212,0.233779,0
0.495030,0.367734,0
0.229556,0.516644,0
0.234954,0.270989,0
0.401722,0.298063,0
0.442789,0.452245,0
0.375828,0.444669,0
0.427061,0.590790,0
0.405465,0.338777,0
0.257900,0.242020,0
0.492070,0.333999,0
0.421847,0.143683,0
0.261433,0.211293,0
0.497339,0.268479,0
0.472678,0.389754,0
0.390043,0.310466,0
0.377844,0.406146,0
0.267653,0.462433,0
0.277662,0.515643,0
0.455095,0.366454,0
0.543480,0.270131,0
0.470920,0.327645,0
0.417210,0.425809,0
0.497942,0.234230,0
0.382072,0.143793,0
0.407138,0.380500,0
0.378141,0.212800,0
0.430592,0.437470,0
0.466017,0.389810,0
0.442751,0.419805,0
0.461047,0.241397,0
0.333941,0.298941,0
0.103885,0.187643,0
0.407515,0.252087,0
0.552957,0.267379,0
0.401520,0.280129,0
0.249312,0.435758,0
0.266520,0.353511,0
0.443154,0.370031,0
0.483750,0.181226,0
0.485155,0.361818,0
0.493179,0.283376,0
0.392339,0.450315,0
0.345133,0.309195,0
0.278537,0.452436,0
0.218045,0.596532,0
0.385712,0.474898,0
0.309499,0.496287,0
0.486942,0.469350,0
0.280650,0.401787,0
0.497030,0.355912,0
0.243370,0.063465,0
0.368842,0.417241,0
0.293804,0.449797,0
0.465898,0.296850,0
0.363389,0.192316,0
0.380496,0.216357,0
0.352076,0.397556,0
0.468556,0.268969,0
0.478333,0.294737,0
0.413941,0.319097,0
0.328681,0.116444,0
0.362363,0.116175,0
0.282664,0.392442,0
0.432081,0.426578,0
0.447970,0.325720,0
0.490045,0.372597,0
0.403439,0.024891,0
0.511375,0.558492,0
0.347194,0.369832,0
0.225447,0.397812,0
0.447500,0.291585,0
0.466906,0.338664,0
0.416083,0.456547,0
0.445986,0.427544,0
0.259852,0.374446,0
0.370757,0.412214,0
0.488998,0.298530,0
0.253697,0.434792,0
0.345713,0.306235,0
0.338544,0.410403,0
0.396874,0.410192,0
0.257419,0.513630,0
0.153949,0.282801,0
0.503905,0.336454,0
0.536855,0.248738,0
0.403742,0.296218,0
0.299314,0.476817,0
0.223350,0.332085,0
0.347943,0.367580,0
0.470348,0.208303,0
0.417187,0.239846,0
0.352689,0.393889,0
0.397580,0.411216,0
0.287390,0.270910,0
0.399423,0.132816,0
0.415024,0.360824,0
0.490968,0.312830,0
0.342629,0.410675,0
0.333755,0.113672,0
0.352310,0.204732,0
0.378668,0.204747,0
0.495321,0.011926,0
0.275127,0.364269,0
0.351643,0.436749,0
0.528679,0.439261,0
0.444243,0.309523,0
0.250118,0.099244,0
0.346611,0.125185,0
0.416756,0.300432,0
0.479619,0.465640,0
0.372662,0.384281,0
0.509759,0.308690,0
0.333822,0.307276,0
0.344702,0.368663,0
0.323209,0.432163,0
0.381468,0.191441,0
0.413403,0.255707,0
0.429729,0.418726,0
0.295255,0.240520,0
0.304853,0.359276,0
0.479642,0.481184,0
0.420013,0.343185,0
0.282049,0.297397,0
0.058012,0.271330,0
0.322037,0.416160,0
0.251132,0.234245,0
0.361707,0.290248,0
0.513214,0.531760,0
0.486104,0.293537,0
0.238416,0.332887,0
0.316960,0.150761,0
0.325980,0.226622,0
0.458532,0.512340,0
0.460028,0.327072,0
0.538622,0.495006,0
0.302450,0.302079,0
0.471843,0.478524,0
0.304622,0.369045,0
0.195570,0.305826,0
0.428841,0.308268,0
0.484408,0.328168,0
0.473080,0.397698,0
0.281487,0.316990,0
0.471229,0.309529,0
0.455397,0.262688,0
0.365757,0.324891,0
0.346237,0.342805,0
0.474018,0.365489,0
0.407195,0.292931,0
0.533389,0.268873,0
0.460729,0.501435,0
0.361681,0.208536,0
0.502783,0.176873,0
0.343021,0.559065,0
0.386368,0.476763,0
0.645467,0.294791,0
0.438165,0.338211,0
0.371937,0.379399,0
0.412198,0.525777,0
0.411820,0.275479,0
0.443443,0.213859,0
0.442228,0.343799,0
0.476773,0.333811,0
0.239473,0.463663,0
0.302948,0.233967,0
0.370279,0.432350,0
0.431448,0.272394,0
0.284383,0.528943,0
0.412007,0.358571,0
0.244528,0.332392,0
0.224436,0.339741,0
0.340213,0.277761,0
0.289867,0.428199,0
0.108803,0.383270,0
0.430280,0.451825,0
0.347473,0.433161,0
0.303270,0.412772,0
0.281955,0.486847,0
0.401341,0.219147,0
0.469028,0.299662,0
0.368891,0.322906,0
0.442956,0.293425,0
0.402787,0.312554,0
0.547055,0.364194,0
0.442156,0.358374,0
0.402082,0.194439,0
0.366773,0.447408,0
0.306680,0.292816,0
0.300579,0.240149,0
0.309782,0.480953,0
0.442994,0.259216,0
0.348297,0.329740,0
0.366858,0.508778,0
0.547860,0.240122,0
0.407245,0.448907,0
0.405167,0.355953,0
0.561123,0.435808,0
0.456488,0.389819,0
0.239606,0.325343,0
0.455320,0.160903,0
0.378303,0.364007,0
0.300146,0.233657,0
0.441634,0.280400,0
0.553256,0.318844,0
0.415688,0.538913,0
0.424360,0.503121,0
0.522860,0.229346,0
0.352676,0.244712,0
0.443230,0.179386,0
0.385514,0.341798,0
0.577043,0.452017,0
0.290718,0.352871,0
0.411229,0.428510,0
0.304581,0.341960,0
0.293750,0.366760,0
0.251598,0.279868,0
0.460200,0.362384,0
0.328261,0.352802,0
0.345999,0.223642,0
0.517948,0.316889,0
0.339981,0.285586,0
0.358834,0.397468,0
0.354115,0.303269,0
0.000000,0.378632,0
0.322843,0.221923,0
0.388735,0.212710,0
0.252952,0.313627,0
0.405940,0.360744,0
0.315324,0.494821,0
0.385100,0.289697,0
0.417596,0.215895,0
0.432824,0.361591,0
0.231531,0.285439,0
0.380743,0.356521,0
0.373147,0.561910,0
0.354301,0.317561,0
0.414042,0.475943,0
0.352695,0.565970,0
0.220258,0.487300,0
0.307424,0.425117,0
0.308755,0.455598,0
0.382264,0.216453,0
0.613707,0.363733,0
0.422534,0.367355,0
0.235012,0.240274,0
0.279759,0.320719,0
0.374151,0.269808,0
0.389278,0.187755,0
0.488909,0.317810,0
0.339100,0.237812,0
0.524323,0.339559,0
0.264862,0.299090,0
0.376153,0.357372,0
0.555407,0.356633,0
0.445206,0.223107,0
0.329746,0.262511,0
0.385585,0.394945,0
0.083953,0.147273,0
0.343662,0.258989,0
0.459092,0.237380,0
0.408659,0.430554,0
0.331978,0.437612,0
0.479558,0.413780,0
0.312185,0.441845,0
0.484250,0.334576,0
0.363155,0.439202,0
0.291981,0.297228,0
0.432963,0.240510,0
0.362727,0.422792,0
0.522171,0.338935,0
0.476183,0.462131,0
0.389697,0.296875,0
0.429779,0.283658,0
0.464879,0.342419,0
0.311483,0.513669,0
0.362035,0.474493,0
0.396768,0.391113,0
0.395904,0.292397,0
0.475992,0.204337,0
0.431297,0.505297,0
0.380881,0.423266,0
0.289936,0.215920,0
0.222535,0.384830,0
0.497255,0.342473,0
0.369344,0.275345,0
0.378598,0.479062,0
0.232370,0.259477,0
0.363044,0.358666,0
0.339598,0.281074,0
0.479497,0.428381,0
0.499486,0.411620,0
0.325485,0.283065,0
0.310881,0.283734,0
0.433223,0.270123,0
0.402299,0.276063,0
0.486853,0.392491,0
0.539470,0.274001,0
0.601677,0.352965,0
0.351125,0.234563,0
0.374926,0.298441,0
0.267965,0.383700,0
0.358205,0.222636,0
0.283216,0.276940,0
0.298327,0.285981,0
0.349279,0.324264,0
0.435955,0.438486,0
0.265515,0.383655,0
0.101344,0.403875,0
0.500595,0.498936,0
0.410480,0.291663,0
0.387504,0.201752,0
0.438312,0.313133,0
0.460916,0.358034,0
0.342261,0.349805,0
0.455871,0.284452,0
0.428423,0.271646,0
0.332378,0.312710,0
0.582654,0.299946,0
0.335672,0.287105,0
0.398877,0.438307,0
0.346995,0.200906,0
0.296767,0.242664,0
0.331567,0.392316,0
0.460552,0.295095,0
0.400728,0.324555,0
0.514825,0.379900,0
0.207838,0.124145,0
0.299337,0.322045,0
0.253090,0.223846,0
0.493085,0.204473,0
0.505285,0.232222,0
0.249790,0.247341,0
0.402234,0.381313,0
0.361175,0.182232,0
0.374004,0.328990,0
0.397454,0.243578,0
0.429160,0.407683,0
0.375922,0.245100,0
0.315355,0.278411,0
0.278485,0.313345,0
0.353612,0.319914,0
0.341438,0.295936,0
0.359947,0.304924,0
0.381334,0.420329,0
0.301618,0.175774,0
0.524035,0.305851,0
0.258198,0.287420,0
0.328300,0.433800,0
0.415524,0.527081,0
0.362615,0.473267,0
0.256453,0.439294,0
0.223042,0.362339,0
0.218863,0.407286,0
0.290212,0.185297,0
0.314530,0.401560,0
0.431979,0.219169,0
0.333408,0.224181,0
0.338995,0.148772,0
0.310009,0.214968,0
0.361024,0.484758,0
0.484418,0.438142,0
0.390676,0.204828,0
0.196441,0.396037,0
0.425638,0.279145,0
0.515912,0.121387,0
0.255404,0.393340,0
0.580515,0.423757,0
0.366364,0.213322,0
0.387402,0.332305,0
0.349867,0.260855,0
0.418654,0.264115,0
0.564111,0.411393,0
0.418528,0.315196,0
0.281018,0.263869,0
0.378842,0.358502,0
0.269203,0.429076,0
0.451778,0.426778,0
0.419051,0.117146,0
0.377705,0.002960,0
0.449791,0.116090,0
0.361151,0.386771,0
0.283084,0.192720,0
0.464948,0.295680,0
0.374049,0.259056,0
0.352320,0.216260,0
0.345858,0.288012,0
0.320974,0.410897,0
0.449560,0.299108,0
0.431948,0.423152,0
0.200471,0.282303,0
0.495001,0.165976,0
0.286554,0.279236,0
0.262050,0.340861,0
0.367927,0.301654,0
0.376946,0.159327,0
0.251159,0.322157,0
0.437405,0.315539,0
0.339335,0.255063,0
0.398486,0.411288,0
0.250968,0.480740,0
0.374693,0.359964,0
0.277434,0.291057,0
0.335457,0.561876,0
0.219805,0.246855,0
0.377688,0.154712,0
0.153848,0.537041,0
0.455907,0.471353,0
0.373221,0.203866,0
0.280195,0.275644,0
0.495906,0.240101,0
0.357426,0.355771,0
0.244628,0.265404,0
0.317039,0.362017,0
0.512325,0.252306,0
0.151338,0.395025,0
0.309833,0.255371,0
0.452225,0.270826,0
0.335835,0.379330,0
0.315916,0.474644,0
0.404615,0.352038,0
0.497428,0.298915,0
0.513291,0.269325,0
0.351352,0.330812,0
0.441241,0.341173,0
0.368544,0.270265,0
0.424255,0.401813,0
0.346661,0.214453,0
0.447151,0.371237,0
0.418543,0.383777,0
0.487994,0.155850,0
0.336755,0.180563,0
0.513195,0.245278,0
0.514736,0.355543,0
0.197426,0.324418,0
0.350600,0.367146,0
0.502120,0.358926,0
0.388233,0.213171,0
0.402828,0.261331,0
0.474761,0.398938,0
0.235440,0.252918,0
0.398955,0.266959,0
0.469796,0.313355,0
0.348995,0.179740,0
0.205304,0.332106,0
0.573419,0.388043,0
0.247216,0.279584,0
0.228954,0.437854,0
0.257692,0.440157,0
0.546752,0.560603,0
0.385957,0.352631,0
0.507166,0.301533,0
0.389964,0.150587,0
0.352374,0.405000,0
0.331386,0.480926,0
0.295759,0.386439,0
0.341032,0.386066,0
0.334294,0.384821,0
0.313880,0.377016,0
0.481045,0.323404,0
0.337489,0.439884,0
0.329065,0.388873,0
0.385236,0.324130,0
0.424273,0.362388,0
0.472487,0.257200,0
0.359800,0.285471,0
0.354119,0.470468,0
0.350424,0.535894,0
0.299627,0.214158,0
0.337096,0.139301,0
0.485354,0.296460,0
0.201816,0.407317,0
0.353644,0.366084,0
0.264219,0.360159,0
0.456838,0.346815,0
0.395936,0.287175,0
0.338812,0.374768,0
0.431777,0.335166,0
0.365510,0.368185,0
0.534109,0.349200,0
0.286473,0.243131,0
0.336098,0.528719,0
0.366258,0.342352,0
0.395936,0.370078,0
0.354544,0.306668,0
0.500623,0.394731,0
0.404748,0.413489,0
0.336785,0.408585,0
0.472566,0.254839,0
0.503389,0.409767,0
0.336315,0.300573,0
0.426222,0.311201,0
0.454248,0.356795,0
0.312709,0.306865,0
0.648331,0.417771,0
0.424538,0.242078,0
0.336758,0.302836,0
0.295472,0.265790,0
0.379841,0.410046,0
0.417200,0.322789,0
0.333947,0.305850,0
0.366995,0.410015,0
0.336668,0.366546,0
0.405770,0.372670,0
0.459826,0.373899,0
0.388478,0.138991,0
0.421790,0.218602,0
0.421777,0.301891,0
0.311703,0.396802,0
0.490505,0.239168,0
0.294272,0.350129,0
0.473010,0.176746,0
0.486158,0.394299,0
0.486543,0.211029,0
0.341250,0.398467,0
0.309988,0.057223,0
0.365384,0.273594,0
0.383912,0.368683,0
0.322502,0.157006,0
0.496425,0.256186,0
0.393917,0.386611,0
0.357643,0.314868,0
0.433859,0.511857,0
0.450879,0.313969,0
0.332498,0.346585,0
0.188138,0.254414,0
0.417684,0.411582,0
0.249952,0.477988,0
0.456963,0.453271,0
0.417322,0.377358,0
0.324774,0.438893,0
0.363153,0.322609,0
0.502861,0.254476,0
0.563057,0.311371,0
0.324830,0.386625,0
0.268031,0.180613,0
0.423890,0.361806,0
0.357753,0.438834,0
0.293875,0.225236,0
0.360483,0.202210,0
0.236916,0.297401,0
0.295259,0.466017,0
0.326747,0.299158,0
0.536490,0.222465,0
0.417232,0.228141,0
0.261896,0.448111,0
0.477238,0.251056,0
0.392676,0.350849,0
0.434458,0.200602,0
0.351338,0.463963,0
0.273662,0.195151,0
0.211661,0.505627,0
0.472411,0.291120,0
0.457452,0.314554,0
0.376018,0.476455,0
0.322203,0.545779,0
0.474643,0.221971,0
0.391337,0.504236,0
0.253996,0.380765,0
0.278729,0.360441,0
0.297867,0.426338,0
0.224142,0.113974,0
0.495507,0.157685,0
0.312825,0.201537,0
0.499075,0.428039,0
0.349517,0.355128,0
0.404407,0.380990,0
0.489446,0.442266,0
0.489464,0.321830,0
0.466655,0.353012,0
0.284016,0.262059,0
0.369695,0.382792,0
0.447632,0.316057,0
0.198218,0.325734,0
0.261221,0.379295,0
0.349888,0.188187,0
